tested
----------------------------------------------------------------------------------------------------------------------------------------------------------------------
                       (1)                           (2)                           (3)                           (4)                           (5)                    
                 analysi~s                     analysi~s                     analysi~s                     analysi~s                     analysi~s                    
----------------------------------------------------------------------------------------------------------------------------------------------------------------------
White                    1         [1.00,1.00]         1         [1.00,1.00]         1         [1.00,1.00]         1         [1.00,1.00]         1         [1.00,1.00]
South Asian           1.50**       [1.17,1.91]      1.31*        [1.03,1.68]      1.28         [1.00,1.63]      1.27         [0.99,1.63]      1.27         [0.99,1.63]
Black                 1.01         [0.73,1.41]      0.93         [0.67,1.29]      0.90         [0.65,1.25]      0.90         [0.64,1.24]      0.90         [0.64,1.24]
Mixed                 1.66*        [1.13,2.45]      1.47         [1.00,2.17]      1.45         [0.98,2.14]      1.42         [0.96,2.10]      1.42         [0.96,2.10]
Other                 0.96         [0.63,1.45]      0.87         [0.57,1.32]      0.87         [0.57,1.33]      0.87         [0.57,1.33]      0.87         [0.57,1.33]
Unknown               0.95         [0.90,1.01]      0.97         [0.91,1.03]      0.97         [0.92,1.03]      0.97         [0.92,1.03]      0.97         [0.92,1.03]
Female                                                 1         [1.00,1.00]         1         [1.00,1.00]         1         [1.00,1.00]         1         [1.00,1.00]
Male                                                0.99         [0.94,1.05]      0.99         [0.94,1.05]      1.00         [0.94,1.06]      1.00         [0.94,1.06]
Age spline 1                                        1.03*        [1.00,1.05]      1.03*        [1.00,1.05]      1.03*        [1.00,1.05]      1.03*        [1.00,1.05]
Age spline 2                                        0.91**       [0.86,0.97]      0.91**       [0.86,0.97]      0.91**       [0.85,0.96]      0.91**       [0.85,0.96]
Age spline 3                                        1.25**       [1.08,1.44]      1.25**       [1.08,1.45]      1.27**       [1.10,1.47]      1.27**       [1.10,1.47]
1 least deprived                                                                     1         [1.00,1.00]         1         [1.00,1.00]         1         [1.00,1.00]
2                                                                                 1.12**       [1.03,1.22]      1.12**       [1.03,1.22]      1.12**       [1.03,1.22]
3                                                                                 1.06         [0.98,1.16]      1.06         [0.97,1.15]      1.06         [0.97,1.15]
4                                                                                 1.25***      [1.15,1.36]      1.25***      [1.15,1.36]      1.25***      [1.15,1.36]
5 most deprived                                                                   1.28***      [1.18,1.40]      1.28***      [1.18,1.40]      1.28***      [1.18,1.40]
Underweig..5)                                                                                                      1         [1.00,1.00]         1         [1.00,1.00]
Normal (18.5-~9)                                                                                                0.99         [0.90,1.08]      0.99         [0.90,1.08]
Overweigh..9 ~4)                                                                                                1.02         [0.92,1.13]      1.02         [0.92,1.13]
Obese I (..9 ~4)                                                                                                0.95         [0.85,1.07]      0.95         [0.85,1.07]
Obese II ..9 ~4)                                                                                                0.93         [0.79,1.10]      0.93         [0.79,1.10]
Obese III..5+)                                                                                                  0.92         [0.74,1.15]      0.92         [0.74,1.15]
Unknown                                                                                                         0.94         [0.84,1.06]      0.94         [0.84,1.06]
<6.5%                                                                                                              1         [1.00,1.00]         1         [1.00,1.00]
>=6.5-7.4                                                                                                       0.99         [0.88,1.12]      0.99         [0.88,1.12]
>=7.5-7.9                                                                                                       1.06         [0.87,1.31]      1.06         [0.87,1.31]
>=8-8.9                                                                                                         1.10         [0.90,1.33]      1.10         [0.90,1.33]
>=9                                                                                                             1.08         [0.89,1.31]      1.08         [0.89,1.31]
Unknown                                                                                                         1.02         [0.96,1.08]      1.02         [0.96,1.08]
Number of GP c~h                                                                                                1.00**       [1.00,1.00]      1.00**       [1.00,1.00]
Never                                                                                                              1         [1.00,1.00]         1         [1.00,1.00]
Former                                                                                                          1.04         [0.99,1.10]      1.04         [0.99,1.10]
Current                                                                                                         0.91         [0.81,1.02]      0.91         [0.81,1.02]
Diagnosed hype~0                                                                                                   1         [1.00,1.00]         1         [1.00,1.00]
Diagnosed hype~1                                                                                                1.02         [0.96,1.08]      1.02         [0.96,1.08]
Normal                                                                                                             1         [1.00,1.00]         1         [1.00,1.00]
Elevated                                                                                                        1.05         [0.97,1.13]      1.05         [0.97,1.13]
High, stage I                                                                                                   0.98         [0.92,1.05]      0.98         [0.92,1.05]
High, stage II                                                                                                  1.00         [0.94,1.08]      1.00         [0.94,1.08]
Unknown                                                                                                         0.81**       [0.71,0.93]      0.81**       [0.71,0.93]
Asthma categor~0                                                                                                   1         [1.00,1.00]         1         [1.00,1.00]
Asthma categor~1                                                                                                1.05         [0.97,1.13]      1.05         [0.97,1.13]
Chronic Respir~0                                                                                                   1         [1.00,1.00]         1         [1.00,1.00]
Chronic Respir~1                                                                                                0.96         [0.89,1.04]      0.96         [0.89,1.04]
Chronic Cardia~0                                                                                                   1         [1.00,1.00]         1         [1.00,1.00]
Chronic Cardia~1                                                                                                0.91**       [0.86,0.97]      0.91**       [0.86,0.97]
No DM                                                                                                              1         [1.00,1.00]         1         [1.00,1.00]
T1DM                                                                                                            0.84         [0.59,1.21]      0.84         [0.59,1.21]
T2DM                                                                                                            0.98         [0.90,1.07]      0.98         [0.90,1.07]
UNKNOWN_DM                                                                                                      1.03         [0.91,1.17]      1.03         [0.91,1.17]
Cancer=0                                                                                                           1         [1.00,1.00]         1         [1.00,1.00]
Cancer=1                                                                                                        0.95         [0.88,1.02]      0.95         [0.88,1.02]
Chronic liver ~0                                                                                                   1         [1.00,1.00]         1         [1.00,1.00]
Chronic liver ~1                                                                                                0.80         [0.62,1.02]      0.80         [0.62,1.02]
Stroke=0                                                                                                           1         [1.00,1.00]         1         [1.00,1.00]
Stroke=1                                                                                                        0.95         [0.89,1.01]      0.95         [0.89,1.01]
Dementia=0                                                                                                         1         [1.00,1.00]         1         [1.00,1.00]
Dementia=1                                                                                                      1.05         [0.98,1.14]      1.05         [0.98,1.14]
Neurological d~0                                                                                                   1         [1.00,1.00]         1         [1.00,1.00]
Neurological d~1                                                                                                0.96         [0.87,1.05]      0.96         [0.87,1.05]
egfr >=60                                                                                                          1         [1.00,1.00]         1         [1.00,1.00]
eGFR <60                                                                                                        1.05         [0.99,1.11]      1.05         [0.99,1.11]
end stage rena~0                                                                                                   1         [1.00,1.00]         1         [1.00,1.00]
end stage rena~1                                                                                                0.71         [0.35,1.43]      0.71         [0.35,1.43]
Immunosuppress~=                                                                                                   1         [1.00,1.00]         1         [1.00,1.00]
Immunosuppress~=                                                                                                1.04         [0.70,1.56]      1.04         [0.70,1.56]
Autoimmune dis~0                                                                                                   1         [1.00,1.00]         1         [1.00,1.00]
Autoimmune dis~1                                                                                                0.96         [0.87,1.06]      0.96         [0.87,1.06]
carehome                                                                                                                                         1         [1.00,1.00]
----------------------------------------------------------------------------------------------------------------------------------------------------------------------
N_sub                71886                         71886                         71886                         71886                         71886                    
----------------------------------------------------------------------------------------------------------------------------------------------------------------------
Exponentiated coefficients; 95% confidence intervals in brackets
* p<0.05, ** p<0.01, *** p<0.001
positivetest
----------------------------------------------------------------------------------------------------------------------------------------------------------------------
                       (1)                           (2)                           (3)                           (4)                           (5)                    
                 analysi~s                     analysi~s                     analysi~s                     analysi~s                     analysi~s                    
----------------------------------------------------------------------------------------------------------------------------------------------------------------------
White                    1         [1.00,1.00]         1         [1.00,1.00]         1         [1.00,1.00]         1         [1.00,1.00]         1         [1.00,1.00]
South Asian           1.54*        [1.08,2.20]      1.82**       [1.27,2.60]      1.73**       [1.21,2.47]      1.74**       [1.22,2.50]      1.74**       [1.22,2.50]
Black                 0.93         [0.56,1.55]      1.04         [0.62,1.74]      1.01         [0.61,1.69]      1.01         [0.60,1.68]      1.01         [0.60,1.68]
Mixed                 1.09         [0.52,2.29]      1.27         [0.60,2.68]      1.26         [0.60,2.66]      1.22         [0.58,2.57]      1.22         [0.58,2.57]
Other                 0.79         [0.38,1.67]      0.90         [0.43,1.89]      0.89         [0.42,1.87]      0.89         [0.42,1.88]      0.89         [0.42,1.88]
Unknown               0.96         [0.87,1.05]      0.94         [0.86,1.03]      0.94         [0.86,1.03]      0.97         [0.88,1.06]      0.97         [0.88,1.06]
Female                                                 1         [1.00,1.00]         1         [1.00,1.00]         1         [1.00,1.00]         1         [1.00,1.00]
Male                                                1.13**       [1.04,1.23]      1.13**       [1.03,1.23]      1.09*        [1.00,1.20]      1.09*        [1.00,1.20]
Age spline 1                                        1.01         [0.95,1.06]      1.01         [0.95,1.06]      1.01         [0.96,1.06]      1.01         [0.96,1.06]
Age spline 2                                        1.04         [0.91,1.19]      1.04         [0.91,1.18]      1.01         [0.88,1.15]      1.01         [0.88,1.15]
Age spline 3                                        0.89         [0.65,1.21]      0.89         [0.66,1.22]      0.97         [0.71,1.32]      0.97         [0.71,1.32]
1 least deprived                                                                     1         [1.00,1.00]         1         [1.00,1.00]         1         [1.00,1.00]
2                                                                                 0.93         [0.82,1.06]      0.94         [0.82,1.07]      0.94         [0.82,1.07]
3                                                                                 0.85*        [0.74,0.97]      0.85*        [0.74,0.97]      0.85*        [0.74,0.97]
4                                                                                 1.25***      [1.11,1.42]      1.26***      [1.12,1.43]      1.26***      [1.12,1.43]
5 most deprived                                                                   1.11         [0.98,1.26]      1.12         [0.98,1.26]      1.12         [0.98,1.26]
Underweig..5)                                                                                                      1         [1.00,1.00]         1         [1.00,1.00]
Normal (18.5-~9)                                                                                                0.99         [0.86,1.15]      0.99         [0.86,1.15]
Overweigh..9 ~4)                                                                                                1.05         [0.90,1.23]      1.05         [0.90,1.23]
Obese I (..9 ~4)                                                                                                0.91         [0.76,1.09]      0.91         [0.76,1.09]
Obese II ..9 ~4)                                                                                                0.84         [0.65,1.08]      0.84         [0.65,1.08]
Obese III..5+)                                                                                                  0.70         [0.48,1.03]      0.70         [0.48,1.03]
Unknown                                                                                                         0.94         [0.78,1.13]      0.94         [0.78,1.13]
<6.5%                                                                                                              1         [1.00,1.00]         1         [1.00,1.00]
>=6.5-7.4                                                                                                       1.03         [0.87,1.22]      1.03         [0.87,1.22]
>=7.5-7.9                                                                                                       1.11         [0.82,1.49]      1.11         [0.82,1.49]
>=8-8.9                                                                                                         1.08         [0.81,1.45]      1.08         [0.81,1.45]
>=9                                                                                                             1.18         [0.89,1.55]      1.18         [0.89,1.55]
Unknown                                                                                                         0.91*        [0.82,1.00]      0.91*        [0.82,1.00]
Number of GP c~h                                                                                                1.00*        [1.00,1.01]      1.00*        [1.00,1.01]
Never                                                                                                              1         [1.00,1.00]         1         [1.00,1.00]
Former                                                                                                          1.11*        [1.03,1.21]      1.11*        [1.03,1.21]
Current                                                                                                         0.93         [0.77,1.13]      0.93         [0.77,1.13]
Diagnosed hype~0                                                                                                   1         [1.00,1.00]         1         [1.00,1.00]
Diagnosed hype~1                                                                                                1.13**       [1.03,1.23]      1.13**       [1.03,1.23]
Normal                                                                                                             1         [1.00,1.00]         1         [1.00,1.00]
Elevated                                                                                                        1.04         [0.92,1.17]      1.04         [0.92,1.17]
High, stage I                                                                                                   0.97         [0.87,1.08]      0.97         [0.87,1.08]
High, stage II                                                                                                  0.99         [0.89,1.10]      0.99         [0.89,1.10]
Unknown                                                                                                         0.84         [0.67,1.05]      0.84         [0.67,1.05]
Asthma categor~0                                                                                                   1         [1.00,1.00]         1         [1.00,1.00]
Asthma categor~1                                                                                                1.11         [0.98,1.25]      1.11         [0.98,1.25]
Chronic Respir~0                                                                                                   1         [1.00,1.00]         1         [1.00,1.00]
Chronic Respir~1                                                                                                1.03         [0.92,1.15]      1.03         [0.92,1.15]
Chronic Cardia~0                                                                                                   1         [1.00,1.00]         1         [1.00,1.00]
Chronic Cardia~1                                                                                                0.92         [0.85,1.01]      0.92         [0.85,1.01]
No DM                                                                                                              1         [1.00,1.00]         1         [1.00,1.00]
T1DM                                                                                                            0.88         [0.51,1.50]      0.88         [0.51,1.50]
T2DM                                                                                                            0.99         [0.87,1.13]      0.99         [0.87,1.13]
UNKNOWN_DM                                                                                                      1.12         [0.94,1.33]      1.12         [0.94,1.33]
Cancer=0                                                                                                           1         [1.00,1.00]         1         [1.00,1.00]
Cancer=1                                                                                                        1.12*        [1.01,1.25]      1.12*        [1.01,1.25]
Chronic liver ~0                                                                                                   1         [1.00,1.00]         1         [1.00,1.00]
Chronic liver ~1                                                                                                0.76         [0.51,1.14]      0.76         [0.51,1.14]
Stroke=0                                                                                                           1         [1.00,1.00]         1         [1.00,1.00]
Stroke=1                                                                                                        1.01         [0.92,1.11]      1.01         [0.92,1.11]
Dementia=0                                                                                                         1         [1.00,1.00]         1         [1.00,1.00]
Dementia=1                                                                                                      1.05         [0.94,1.18]      1.05         [0.94,1.18]
Neurological d~0                                                                                                   1         [1.00,1.00]         1         [1.00,1.00]
Neurological d~1                                                                                                1.13         [0.98,1.29]      1.13         [0.98,1.29]
egfr >=60                                                                                                          1         [1.00,1.00]         1         [1.00,1.00]
eGFR <60                                                                                                        1.08         [1.00,1.18]      1.08         [1.00,1.18]
end stage rena~0                                                                                                   1         [1.00,1.00]         1         [1.00,1.00]
end stage rena~1                                                                                                1.44         [0.68,3.05]      1.44         [0.68,3.05]
Immunosuppress~=                                                                                                   1         [1.00,1.00]         1         [1.00,1.00]
Immunosuppress~=                                                                                                1.20         [0.68,2.13]      1.20         [0.68,2.13]
Autoimmune dis~0                                                                                                   1         [1.00,1.00]         1         [1.00,1.00]
Autoimmune dis~1                                                                                                1.07         [0.92,1.23]      1.07         [0.92,1.23]
carehome                                                                                                                                         1         [1.00,1.00]
----------------------------------------------------------------------------------------------------------------------------------------------------------------------
N_sub                71886                         71886                         71886                         71886                         71886                    
----------------------------------------------------------------------------------------------------------------------------------------------------------------------
Exponentiated coefficients; 95% confidence intervals in brackets
* p<0.05, ** p<0.01, *** p<0.001
hes
----------------------------------------------------------------------------------------------------------------------------------------------------------------------
                       (1)                           (2)                           (3)                           (4)                           (5)                    
                 analysi~s                     analysi~s                     analysi~s                     analysi~s                     analysi~s                    
----------------------------------------------------------------------------------------------------------------------------------------------------------------------
White                    1         [1.00,1.00]         1         [1.00,1.00]         1         [1.00,1.00]         1         [1.00,1.00]         1         [1.00,1.00]
South Asian           1.77         [0.83,3.78]      1.96         [0.91,4.22]      1.80         [0.83,3.88]      1.77         [0.82,3.84]      1.77         [0.82,3.84]
Black                 1.49         [0.61,3.64]      1.60         [0.66,3.92]      1.51         [0.62,3.68]      1.49         [0.61,3.65]      1.49         [0.61,3.65]
Mixed                 2.55         [0.81,7.99]      2.85         [0.91,8.98]      2.79         [0.89,8.79]      2.79         [0.88,8.80]      2.79         [0.88,8.80]
Other                 0.66         [0.09,4.73]      0.80         [0.11,5.74]      0.78         [0.11,5.58]      0.74         [0.10,5.30]      0.74         [0.10,5.30]
Unknown               1.01         [0.80,1.27]      1.02         [0.81,1.28]      1.03         [0.82,1.29]      1.06         [0.84,1.33]      1.06         [0.84,1.33]
Female                                                 1         [1.00,1.00]         1         [1.00,1.00]         1         [1.00,1.00]         1         [1.00,1.00]
Male                                                1.98***      [1.63,2.41]      1.96***      [1.61,2.39]      1.86***      [1.52,2.28]      1.86***      [1.52,2.28]
Age spline 1                                        1.02         [0.85,1.22]      1.02         [0.85,1.22]      1.02         [0.85,1.22]      1.02         [0.85,1.22]
Age spline 2                                        1.16         [0.77,1.74]      1.15         [0.77,1.73]      1.12         [0.74,1.70]      1.12         [0.74,1.70]
Age spline 3                                        0.62         [0.24,1.59]      0.63         [0.24,1.61]      0.68         [0.26,1.78]      0.68         [0.26,1.78]
1 least deprived                                                                     1         [1.00,1.00]         1         [1.00,1.00]         1         [1.00,1.00]
2                                                                                 0.98         [0.68,1.40]      0.97         [0.68,1.39]      0.97         [0.68,1.39]
3                                                                                 1.01         [0.70,1.44]      1.00         [0.70,1.43]      1.00         [0.70,1.43]
4                                                                                 1.59**       [1.16,2.18]      1.57**       [1.14,2.15]      1.57**       [1.14,2.15]
5 most deprived                                                                   1.41*        [1.02,1.94]      1.36         [0.99,1.88]      1.36         [0.99,1.88]
Underweig..5)                                                                                                      1         [1.00,1.00]         1         [1.00,1.00]
Normal (18.5-~9)                                                                                                0.68*        [0.47,0.98]      0.68*        [0.47,0.98]
Overweigh..9 ~4)                                                                                                1.02         [0.70,1.48]      1.02         [0.70,1.48]
Obese I (..9 ~4)                                                                                                1.00         [0.66,1.53]      1.00         [0.66,1.53]
Obese II ..9 ~4)                                                                                                1.00         [0.57,1.74]      1.00         [0.57,1.74]
Obese III..5+)                                                                                                  0.96         [0.44,2.08]      0.96         [0.44,2.08]
Unknown                                                                                                         1.09         [0.70,1.68]      1.09         [0.70,1.68]
<6.5%                                                                                                              1         [1.00,1.00]         1         [1.00,1.00]
>=6.5-7.4                                                                                                       0.77         [0.51,1.16]      0.77         [0.51,1.16]
>=7.5-7.9                                                                                                       1.08         [0.58,2.01]      1.08         [0.58,2.01]
>=8-8.9                                                                                                         0.62         [0.29,1.31]      0.62         [0.29,1.31]
>=9                                                                                                             1.55         [0.93,2.61]      1.55         [0.93,2.61]
Unknown                                                                                                         0.93         [0.72,1.19]      0.93         [0.72,1.19]
Number of GP c~h                                                                                                1.00         [1.00,1.01]      1.00         [1.00,1.01]
Never                                                                                                              1         [1.00,1.00]         1         [1.00,1.00]
Former                                                                                                          1.22         [0.99,1.52]      1.22         [0.99,1.52]
Current                                                                                                         1.49*        [1.03,2.18]      1.49*        [1.03,2.18]
Diagnosed hype~0                                                                                                   1         [1.00,1.00]         1         [1.00,1.00]
Diagnosed hype~1                                                                                                1.23         [0.99,1.53]      1.23         [0.99,1.53]
Normal                                                                                                             1         [1.00,1.00]         1         [1.00,1.00]
Elevated                                                                                                        1.21         [0.90,1.62]      1.21         [0.90,1.62]
High, stage I                                                                                                   1.26         [0.97,1.63]      1.26         [0.97,1.63]
High, stage II                                                                                                  1.07         [0.81,1.40]      1.07         [0.81,1.40]
Unknown                                                                                                         0.93         [0.51,1.68]      0.93         [0.51,1.68]
Asthma categor~0                                                                                                   1         [1.00,1.00]         1         [1.00,1.00]
Asthma categor~1                                                                                                0.97         [0.72,1.32]      0.97         [0.72,1.32]
Chronic Respir~0                                                                                                   1         [1.00,1.00]         1         [1.00,1.00]
Chronic Respir~1                                                                                                1.41**       [1.11,1.79]      1.41**       [1.11,1.79]
Chronic Cardia~0                                                                                                   1         [1.00,1.00]         1         [1.00,1.00]
Chronic Cardia~1                                                                                                1.03         [0.84,1.27]      1.03         [0.84,1.27]
No DM                                                                                                              1         [1.00,1.00]         1         [1.00,1.00]
T1DM                                                                                                            1.20         [0.42,3.45]      1.20         [0.42,3.45]
T2DM                                                                                                            1.17         [0.87,1.57]      1.17         [0.87,1.57]
UNKNOWN_DM                                                                                                      0.69         [0.41,1.17]      0.69         [0.41,1.17]
Cancer=0                                                                                                           1         [1.00,1.00]         1         [1.00,1.00]
Cancer=1                                                                                                        1.29*        [1.01,1.65]      1.29*        [1.01,1.65]
Chronic liver ~0                                                                                                   1         [1.00,1.00]         1         [1.00,1.00]
Chronic liver ~1                                                                                                0.24*        [0.06,0.98]      0.24*        [0.06,0.98]
Stroke=0                                                                                                           1         [1.00,1.00]         1         [1.00,1.00]
Stroke=1                                                                                                        1.03         [0.83,1.29]      1.03         [0.83,1.29]
Dementia=0                                                                                                         1         [1.00,1.00]         1         [1.00,1.00]
Dementia=1                                                                                                      1.01         [0.77,1.32]      1.01         [0.77,1.32]
Neurological d~0                                                                                                   1         [1.00,1.00]         1         [1.00,1.00]
Neurological d~1                                                                                                1.10         [0.79,1.52]      1.10         [0.79,1.52]
egfr >=60                                                                                                          1         [1.00,1.00]         1         [1.00,1.00]
eGFR <60                                                                                                        1.26*        [1.02,1.55]      1.26*        [1.02,1.55]
end stage rena~0                                                                                                   1         [1.00,1.00]         1         [1.00,1.00]
end stage rena~1                                                                                                0.71         [0.10,5.18]      0.71         [0.10,5.18]
Immunosuppress~=                                                                                                   1         [1.00,1.00]         1         [1.00,1.00]
Immunosuppress~=                                                                                                1.80         [0.57,5.67]      1.80         [0.57,5.67]
Autoimmune dis~0                                                                                                   1         [1.00,1.00]         1         [1.00,1.00]
Autoimmune dis~1                                                                                                1.30         [0.94,1.80]      1.30         [0.94,1.80]
carehome                                                                                                                                         1         [1.00,1.00]
----------------------------------------------------------------------------------------------------------------------------------------------------------------------
N_sub                71886                         71886                         71886                         71886                         71886                    
----------------------------------------------------------------------------------------------------------------------------------------------------------------------
Exponentiated coefficients; 95% confidence intervals in brackets
* p<0.05, ** p<0.01, *** p<0.001
onscoviddeath
----------------------------------------------------------------------------------------------------------------------------------------------------------------------
                       (1)                           (2)                           (3)                           (4)                           (5)                    
                 analysi~s                     analysi~s                     analysi~s                     analysi~s                     analysi~s                    
----------------------------------------------------------------------------------------------------------------------------------------------------------------------
White                    1         [1.00,1.00]         1         [1.00,1.00]         1         [1.00,1.00]         1         [1.00,1.00]         1         [1.00,1.00]
South Asian           2.90**       [1.52,5.51]      4.41***      [2.29,8.49]      3.93***      [2.03,7.61]      4.07***      [2.09,7.95]      4.07***      [2.09,7.95]
Black                 0.78         [0.19,3.15]      1.06         [0.26,4.30]      0.99         [0.24,4.00]      1.01         [0.25,4.11]      1.01         [0.25,4.11]
Mixed                 1.04         [0.15,7.47]      1.50        [0.21,10.72]      1.47        [0.21,10.52]      1.45        [0.20,10.40]      1.45        [0.20,10.40]
Other                 0.74         [0.10,5.30]      1.05         [0.15,7.53]      1.02         [0.14,7.30]      1.00         [0.14,7.15]      1.00         [0.14,7.15]
Unknown               1.11         [0.89,1.40]      1.05         [0.84,1.33]      1.06         [0.85,1.34]      1.11         [0.88,1.39]      1.11         [0.88,1.39]
Female                                                 1         [1.00,1.00]         1         [1.00,1.00]         1         [1.00,1.00]         1         [1.00,1.00]
Male                                                1.95***      [1.60,2.39]      1.95***      [1.59,2.38]      1.80***      [1.46,2.23]      1.80***      [1.46,2.23]
Age spline 1                                        0.94         [0.72,1.22]      0.93         [0.72,1.22]      0.95         [0.73,1.25]      0.95         [0.73,1.25]
Age spline 2                                        1.45         [0.76,2.75]      1.44         [0.76,2.74]      1.33         [0.69,2.55]      1.33         [0.69,2.55]
Age spline 3                                        0.39         [0.09,1.77]      0.40         [0.09,1.81]      0.49         [0.11,2.25]      0.49         [0.11,2.25]
1 least deprived                                                                     1         [1.00,1.00]         1         [1.00,1.00]         1         [1.00,1.00]
2                                                                                 1.18         [0.82,1.68]      1.18         [0.83,1.69]      1.18         [0.83,1.69]
3                                                                                 0.97         [0.66,1.42]      0.96         [0.66,1.41]      0.96         [0.66,1.41]
4                                                                                 2.28***      [1.66,3.12]      2.26***      [1.65,3.09]      2.26***      [1.65,3.09]
5 most deprived                                                                   1.48*        [1.06,2.07]      1.47*        [1.05,2.06]      1.47*        [1.05,2.06]
Underweig..5)                                                                                                      1         [1.00,1.00]         1         [1.00,1.00]
Normal (18.5-~9)                                                                                                0.66*        [0.47,0.91]      0.66*        [0.47,0.91]
Overweigh..9 ~4)                                                                                                0.82         [0.58,1.15]      0.82         [0.58,1.15]
Obese I (..9 ~4)                                                                                                0.51**       [0.32,0.80]      0.51**       [0.32,0.80]
Obese II ..9 ~4)                                                                                                0.66         [0.35,1.24]      0.66         [0.35,1.24]
Obese III..5+)                                                                                                  0.28         [0.07,1.15]      0.28         [0.07,1.15]
Unknown                                                                                                         0.71         [0.46,1.08]      0.71         [0.46,1.08]
<6.5%                                                                                                              1         [1.00,1.00]         1         [1.00,1.00]
>=6.5-7.4                                                                                                       1.19         [0.79,1.79]      1.19         [0.79,1.79]
>=7.5-7.9                                                                                                       0.85         [0.36,1.99]      0.85         [0.36,1.99]
>=8-8.9                                                                                                         1.47         [0.77,2.80]      1.47         [0.77,2.80]
>=9                                                                                                             1.26         [0.63,2.53]      1.26         [0.63,2.53]
Unknown                                                                                                         1.05         [0.83,1.35]      1.05         [0.83,1.35]
Number of GP c~h                                                                                                1.01         [1.00,1.01]      1.01         [1.00,1.01]
Never                                                                                                              1         [1.00,1.00]         1         [1.00,1.00]
Former                                                                                                          1.41**       [1.14,1.75]      1.41**       [1.14,1.75]
Current                                                                                                         1.02         [0.60,1.75]      1.02         [0.60,1.75]
Diagnosed hype~0                                                                                                   1         [1.00,1.00]         1         [1.00,1.00]
Diagnosed hype~1                                                                                                1.14         [0.92,1.43]      1.14         [0.92,1.43]
Normal                                                                                                             1         [1.00,1.00]         1         [1.00,1.00]
Elevated                                                                                                        0.88         [0.66,1.18]      0.88         [0.66,1.18]
High, stage I                                                                                                   0.86         [0.66,1.11]      0.86         [0.66,1.11]
High, stage II                                                                                                  0.74*        [0.56,0.97]      0.74*        [0.56,0.97]
Unknown                                                                                                         1.06         [0.64,1.76]      1.06         [0.64,1.76]
Asthma categor~0                                                                                                   1         [1.00,1.00]         1         [1.00,1.00]
Asthma categor~1                                                                                                0.97         [0.71,1.34]      0.97         [0.71,1.34]
Chronic Respir~0                                                                                                   1         [1.00,1.00]         1         [1.00,1.00]
Chronic Respir~1                                                                                                1.06         [0.81,1.39]      1.06         [0.81,1.39]
Chronic Cardia~0                                                                                                   1         [1.00,1.00]         1         [1.00,1.00]
Chronic Cardia~1                                                                                                1.07         [0.87,1.32]      1.07         [0.87,1.32]
No DM                                                                                                              1         [1.00,1.00]         1         [1.00,1.00]
T1DM                                                                                                            0.78         [0.18,3.32]      0.78         [0.18,3.32]
T2DM                                                                                                            1.02         [0.73,1.41]      1.02         [0.73,1.41]
UNKNOWN_DM                                                                                                      1.13         [0.74,1.74]      1.13         [0.74,1.74]
Cancer=0                                                                                                           1         [1.00,1.00]         1         [1.00,1.00]
Cancer=1                                                                                                        0.99         [0.76,1.29]      0.99         [0.76,1.29]
Chronic liver ~0                                                                                                   1         [1.00,1.00]         1         [1.00,1.00]
Chronic liver ~1                                                                                                0.43         [0.11,1.74]      0.43         [0.11,1.74]
Stroke=0                                                                                                           1         [1.00,1.00]         1         [1.00,1.00]
Stroke=1                                                                                                        0.88         [0.70,1.12]      0.88         [0.70,1.12]
Dementia=0                                                                                                         1         [1.00,1.00]         1         [1.00,1.00]
Dementia=1                                                                                                      1.10         [0.84,1.44]      1.10         [0.84,1.44]
Neurological d~0                                                                                                   1         [1.00,1.00]         1         [1.00,1.00]
Neurological d~1                                                                                                1.31         [0.94,1.83]      1.31         [0.94,1.83]
egfr >=60                                                                                                          1         [1.00,1.00]         1         [1.00,1.00]
eGFR <60                                                                                                        1.19         [0.97,1.46]      1.19         [0.97,1.46]
end stage rena~0                                                                                                   1         [1.00,1.00]         1         [1.00,1.00]
end stage rena~1                                                                                                1.21         [0.16,8.86]      1.21         [0.16,8.86]
Immunosuppress~=                                                                                                   1         [1.00,1.00]         1         [1.00,1.00]
Immunosuppress~=                                                                                                1.38         [0.34,5.63]      1.38         [0.34,5.63]
Autoimmune dis~0                                                                                                   1         [1.00,1.00]         1         [1.00,1.00]
Autoimmune dis~1                                                                                                1.22         [0.87,1.72]      1.22         [0.87,1.72]
carehome                                                                                                                                         1         [1.00,1.00]
----------------------------------------------------------------------------------------------------------------------------------------------------------------------
N_sub                71886                         71886                         71886                         71886                         71886                    
----------------------------------------------------------------------------------------------------------------------------------------------------------------------
Exponentiated coefficients; 95% confidence intervals in brackets
* p<0.05, ** p<0.01, *** p<0.001
ons_noncoviddeath
----------------------------------------------------------------------------------------------------------------------------------------------------------------------
                       (1)                           (2)                           (3)                           (4)                           (5)                    
                 analysi~s                     analysi~s                     analysi~s                     analysi~s                     analysi~s                    
----------------------------------------------------------------------------------------------------------------------------------------------------------------------
White                    1         [1.00,1.00]         1         [1.00,1.00]         1         [1.00,1.00]         1         [1.00,1.00]         1         [1.00,1.00]
South Asian           0.46**       [0.28,0.77]      0.73         [0.44,1.22]      0.72         [0.43,1.20]      0.70         [0.42,1.18]      0.70         [0.42,1.18]
Black                 0.52*        [0.30,0.90]      0.79         [0.45,1.36]      0.78         [0.45,1.35]      0.79         [0.46,1.37]      0.79         [0.46,1.37]
Mixed                 0.35*        [0.13,0.94]      0.58         [0.22,1.54]      0.58         [0.22,1.55]      0.62         [0.23,1.64]      0.62         [0.23,1.64]
Other                 0.31**       [0.13,0.75]      0.43         [0.18,1.03]      0.43         [0.18,1.03]      0.41*        [0.17,1.00]      0.41*        [0.17,1.00]
Unknown               1.15***      [1.07,1.23]      1.08*        [1.01,1.16]      1.08*        [1.01,1.16]      1.10**       [1.03,1.18]      1.10**       [1.03,1.18]
Female                                                 1         [1.00,1.00]         1         [1.00,1.00]         1         [1.00,1.00]         1         [1.00,1.00]
Male                                                1.50***      [1.40,1.61]      1.50***      [1.40,1.60]      1.43***      [1.34,1.54]      1.43***      [1.34,1.54]
Age spline 1                                        1.00         [0.85,1.18]      1.00         [0.85,1.18]      1.01         [0.85,1.19]      1.01         [0.85,1.19]
Age spline 2                                        1.32         [0.93,1.86]      1.32         [0.93,1.86]      1.28         [0.90,1.82]      1.28         [0.90,1.82]
Age spline 3                                        0.46         [0.21,1.01]      0.46         [0.21,1.01]      0.50         [0.23,1.11]      0.50         [0.23,1.11]
1 least deprived                                                                     1         [1.00,1.00]         1         [1.00,1.00]         1         [1.00,1.00]
2                                                                                 0.97         [0.88,1.06]      0.97         [0.88,1.07]      0.97         [0.88,1.07]
3                                                                                 1.01         [0.92,1.12]      1.02         [0.93,1.12]      1.02         [0.93,1.12]
4                                                                                 1.11*        [1.01,1.22]      1.10*        [1.00,1.21]      1.10*        [1.00,1.21]
5 most deprived                                                                   1.00         [0.90,1.11]      0.99         [0.88,1.10]      0.99         [0.88,1.10]
Underweig..5)                                                                                                      1         [1.00,1.00]         1         [1.00,1.00]
Normal (18.5-~9)                                                                                                0.67***      [0.61,0.74]      0.67***      [0.61,0.74]
Overweigh..9 ~4)                                                                                                0.59***      [0.53,0.66]      0.59***      [0.53,0.66]
Obese I (..9 ~4)                                                                                                0.45***      [0.38,0.52]      0.45***      [0.38,0.52]
Obese II ..9 ~4)                                                                                                0.51***      [0.41,0.64]      0.51***      [0.41,0.64]
Obese III..5+)                                                                                                  0.65**       [0.48,0.89]      0.65**       [0.48,0.89]
Unknown                                                                                                         0.77***      [0.68,0.87]      0.77***      [0.68,0.87]
<6.5%                                                                                                              1         [1.00,1.00]         1         [1.00,1.00]
>=6.5-7.4                                                                                                       1.00         [0.87,1.15]      1.00         [0.87,1.15]
>=7.5-7.9                                                                                                       1.23         [0.98,1.54]      1.23         [0.98,1.54]
>=8-8.9                                                                                                         1.22         [0.98,1.52]      1.22         [0.98,1.52]
>=9                                                                                                             0.84         [0.65,1.08]      0.84         [0.65,1.08]
Unknown                                                                                                         1.14***      [1.06,1.23]      1.14***      [1.06,1.23]
Number of GP c~h                                                                                                1.01***      [1.01,1.01]      1.01***      [1.01,1.01]
Never                                                                                                              1         [1.00,1.00]         1         [1.00,1.00]
Former                                                                                                          1.07*        [1.00,1.15]      1.07*        [1.00,1.15]
Current                                                                                                         1.02         [0.85,1.21]      1.02         [0.85,1.21]
Diagnosed hype~0                                                                                                   1         [1.00,1.00]         1         [1.00,1.00]
Diagnosed hype~1                                                                                                1.06         [0.99,1.13]      1.06         [0.99,1.13]
Normal                                                                                                             1         [1.00,1.00]         1         [1.00,1.00]
Elevated                                                                                                        0.82***      [0.74,0.90]      0.82***      [0.74,0.90]
High, stage I                                                                                                   0.82***      [0.75,0.89]      0.82***      [0.75,0.89]
High, stage II                                                                                                  0.79***      [0.73,0.86]      0.79***      [0.73,0.86]
Unknown                                                                                                         0.81*        [0.68,0.98]      0.81*        [0.68,0.98]
Asthma categor~0                                                                                                   1         [1.00,1.00]         1         [1.00,1.00]
Asthma categor~1                                                                                                0.90         [0.81,1.00]      0.90         [0.81,1.00]
Chronic Respir~0                                                                                                   1         [1.00,1.00]         1         [1.00,1.00]
Chronic Respir~1                                                                                                1.15**       [1.05,1.25]      1.15**       [1.05,1.25]
Chronic Cardia~0                                                                                                   1         [1.00,1.00]         1         [1.00,1.00]
Chronic Cardia~1                                                                                                1.16***      [1.08,1.24]      1.16***      [1.08,1.24]
No DM                                                                                                              1         [1.00,1.00]         1         [1.00,1.00]
T1DM                                                                                                            1.27         [0.84,1.93]      1.27         [0.84,1.93]
T2DM                                                                                                            1.18**       [1.07,1.31]      1.18**       [1.07,1.31]
UNKNOWN_DM                                                                                                      0.99         [0.85,1.16]      0.99         [0.85,1.16]
Cancer=0                                                                                                           1         [1.00,1.00]         1         [1.00,1.00]
Cancer=1                                                                                                        1.41***      [1.31,1.52]      1.41***      [1.31,1.52]
Chronic liver ~0                                                                                                   1         [1.00,1.00]         1         [1.00,1.00]
Chronic liver ~1                                                                                                1.49**       [1.15,1.94]      1.49**       [1.15,1.94]
Stroke=0                                                                                                           1         [1.00,1.00]         1         [1.00,1.00]
Stroke=1                                                                                                        1.04         [0.96,1.12]      1.04         [0.96,1.12]
Dementia=0                                                                                                         1         [1.00,1.00]         1         [1.00,1.00]
Dementia=1                                                                                                      1.15**       [1.05,1.25]      1.15**       [1.05,1.25]
Neurological d~0                                                                                                   1         [1.00,1.00]         1         [1.00,1.00]
Neurological d~1                                                                                                1.00         [0.89,1.13]      1.00         [0.89,1.13]
egfr >=60                                                                                                          1         [1.00,1.00]         1         [1.00,1.00]
eGFR <60                                                                                                        1.06         [0.99,1.13]      1.06         [0.99,1.13]
end stage rena~0                                                                                                   1         [1.00,1.00]         1         [1.00,1.00]
end stage rena~1                                                                                                2.08**       [1.20,3.61]      2.08**       [1.20,3.61]
Immunosuppress~=                                                                                                   1         [1.00,1.00]         1         [1.00,1.00]
Immunosuppress~=                                                                                                0.98         [0.60,1.62]      0.98         [0.60,1.62]
Autoimmune dis~0                                                                                                   1         [1.00,1.00]         1         [1.00,1.00]
Autoimmune dis~1                                                                                                1.06         [0.95,1.19]      1.06         [0.95,1.19]
carehome                                                                                                                                         1         [1.00,1.00]
----------------------------------------------------------------------------------------------------------------------------------------------------------------------
N_sub                71886                         71886                         71886                         71886                         71886                    
----------------------------------------------------------------------------------------------------------------------------------------------------------------------
Exponentiated coefficients; 95% confidence intervals in brackets
* p<0.05, ** p<0.01, *** p<0.001
onsdeath
----------------------------------------------------------------------------------------------------------------------------------------------------------------------
                       (1)                           (2)                           (3)                           (4)                           (5)                    
                 analysi~s                     analysi~s                     analysi~s                     analysi~s                     analysi~s                    
----------------------------------------------------------------------------------------------------------------------------------------------------------------------
White                    1         [1.00,1.00]         1         [1.00,1.00]         1         [1.00,1.00]         1         [1.00,1.00]         1         [1.00,1.00]
South Asian           0.70         [0.47,1.04]      1.10         [0.74,1.64]      1.07         [0.72,1.60]      1.05         [0.70,1.57]      1.05         [0.70,1.57]
Black                 0.54*        [0.33,0.90]      0.82         [0.49,1.36]      0.81         [0.48,1.34]      0.82         [0.49,1.36]      0.82         [0.49,1.36]
Mixed                 0.41*        [0.17,0.98]      0.66         [0.27,1.58]      0.66         [0.27,1.59]      0.70         [0.29,1.68]      0.70         [0.29,1.68]
Other                 0.34**       [0.15,0.77]      0.47         [0.21,1.06]      0.47         [0.21,1.05]      0.46         [0.21,1.03]      0.46         [0.21,1.03]
Unknown               1.15***      [1.07,1.22]      1.08*        [1.01,1.15]      1.08*        [1.01,1.16]      1.10**       [1.03,1.18]      1.10**       [1.03,1.18]
Female                                                 1         [1.00,1.00]         1         [1.00,1.00]         1         [1.00,1.00]         1         [1.00,1.00]
Male                                                1.54***      [1.45,1.64]      1.54***      [1.44,1.64]      1.47***      [1.37,1.57]      1.47***      [1.37,1.57]
Age spline 1                                        0.99         [0.86,1.13]      0.99         [0.86,1.13]      1.00         [0.87,1.14]      1.00         [0.87,1.14]
Age spline 2                                        1.35         [1.00,1.81]      1.35*        [1.00,1.81]      1.30         [0.96,1.76]      1.30         [0.96,1.76]
Age spline 3                                        0.45*        [0.23,0.87]      0.45*        [0.23,0.87]      0.49*        [0.25,0.97]      0.49*        [0.25,0.97]
1 least deprived                                                                     1         [1.00,1.00]         1         [1.00,1.00]         1         [1.00,1.00]
2                                                                                 0.98         [0.89,1.08]      0.98         [0.90,1.08]      0.98         [0.90,1.08]
3                                                                                 1.01         [0.92,1.11]      1.02         [0.93,1.11]      1.02         [0.93,1.11]
4                                                                                 1.19***      [1.08,1.30]      1.18***      [1.08,1.29]      1.18***      [1.08,1.29]
5 most deprived                                                                   1.03         [0.93,1.15]      1.02         [0.92,1.13]      1.02         [0.92,1.13]
Underweig..5)                                                                                                      1         [1.00,1.00]         1         [1.00,1.00]
Normal (18.5-~9)                                                                                                0.67***      [0.61,0.74]      0.67***      [0.61,0.74]
Overweigh..9 ~4)                                                                                                0.61***      [0.55,0.68]      0.61***      [0.55,0.68]
Obese I (..9 ~4)                                                                                                0.45***      [0.39,0.52]      0.45***      [0.39,0.52]
Obese II ..9 ~4)                                                                                                0.53***      [0.43,0.65]      0.53***      [0.43,0.65]
Obese III..5+)                                                                                                  0.62**       [0.46,0.83]      0.62**       [0.46,0.83]
Unknown                                                                                                         0.77***      [0.68,0.86]      0.77***      [0.68,0.86]
<6.5%                                                                                                              1         [1.00,1.00]         1         [1.00,1.00]
>=6.5-7.4                                                                                                       1.02         [0.90,1.16]      1.02         [0.90,1.16]
>=7.5-7.9                                                                                                       1.19         [0.96,1.48]      1.19         [0.96,1.48]
>=8-8.9                                                                                                         1.24*        [1.01,1.53]      1.24*        [1.01,1.53]
>=9                                                                                                             0.87         [0.69,1.11]      0.87         [0.69,1.11]
Unknown                                                                                                         1.14***      [1.06,1.22]      1.14***      [1.06,1.22]
Number of GP c~h                                                                                                1.01***      [1.01,1.01]      1.01***      [1.01,1.01]
Never                                                                                                              1         [1.00,1.00]         1         [1.00,1.00]
Former                                                                                                          1.10**       [1.03,1.17]      1.10**       [1.03,1.17]
Current                                                                                                         1.01         [0.86,1.20]      1.01         [0.86,1.20]
Diagnosed hype~0                                                                                                   1         [1.00,1.00]         1         [1.00,1.00]
Diagnosed hype~1                                                                                                1.06         [1.00,1.14]      1.06         [1.00,1.14]
Normal                                                                                                             1         [1.00,1.00]         1         [1.00,1.00]
Elevated                                                                                                        0.82***      [0.75,0.90]      0.82***      [0.75,0.90]
High, stage I                                                                                                   0.82***      [0.76,0.89]      0.82***      [0.76,0.89]
High, stage II                                                                                                  0.79***      [0.73,0.85]      0.79***      [0.73,0.85]
Unknown                                                                                                         0.84*        [0.71,1.00]      0.84*        [0.71,1.00]
Asthma categor~0                                                                                                   1         [1.00,1.00]         1         [1.00,1.00]
Asthma categor~1                                                                                                0.91         [0.82,1.00]      0.91         [0.82,1.00]
Chronic Respir~0                                                                                                   1         [1.00,1.00]         1         [1.00,1.00]
Chronic Respir~1                                                                                                1.14**       [1.05,1.24]      1.14**       [1.05,1.24]
Chronic Cardia~0                                                                                                   1         [1.00,1.00]         1         [1.00,1.00]
Chronic Cardia~1                                                                                                1.15***      [1.08,1.23]      1.15***      [1.08,1.23]
No DM                                                                                                              1         [1.00,1.00]         1         [1.00,1.00]
T1DM                                                                                                            1.22         [0.82,1.82]      1.22         [0.82,1.82]
T2DM                                                                                                            1.17**       [1.06,1.29]      1.17**       [1.06,1.29]
UNKNOWN_DM                                                                                                      1.00         [0.87,1.16]      1.00         [0.87,1.16]
Cancer=0                                                                                                           1         [1.00,1.00]         1         [1.00,1.00]
Cancer=1                                                                                                        1.37***      [1.27,1.47]      1.37***      [1.27,1.47]
Chronic liver ~0                                                                                                   1         [1.00,1.00]         1         [1.00,1.00]
Chronic liver ~1                                                                                                1.38*        [1.06,1.79]      1.38*        [1.06,1.79]
Stroke=0                                                                                                           1         [1.00,1.00]         1         [1.00,1.00]
Stroke=1                                                                                                        1.02         [0.95,1.10]      1.02         [0.95,1.10]
Dementia=0                                                                                                         1         [1.00,1.00]         1         [1.00,1.00]
Dementia=1                                                                                                      1.14**       [1.05,1.24]      1.14**       [1.05,1.24]
Neurological d~0                                                                                                   1         [1.00,1.00]         1         [1.00,1.00]
Neurological d~1                                                                                                1.03         [0.92,1.15]      1.03         [0.92,1.15]
egfr >=60                                                                                                          1         [1.00,1.00]         1         [1.00,1.00]
eGFR <60                                                                                                        1.07*        [1.01,1.14]      1.07*        [1.01,1.14]
end stage rena~0                                                                                                   1         [1.00,1.00]         1         [1.00,1.00]
end stage rena~1                                                                                                1.98*        [1.16,3.37]      1.98*        [1.16,3.37]
Immunosuppress~=                                                                                                   1         [1.00,1.00]         1         [1.00,1.00]
Immunosuppress~=                                                                                                1.01         [0.63,1.61]      1.01         [0.63,1.61]
Autoimmune dis~0                                                                                                   1         [1.00,1.00]         1         [1.00,1.00]
Autoimmune dis~1                                                                                                1.08         [0.97,1.20]      1.08         [0.97,1.20]
carehome                                                                                                                                         1         [1.00,1.00]
----------------------------------------------------------------------------------------------------------------------------------------------------------------------
N_sub                71886                         71886                         71886                         71886                         71886                    
----------------------------------------------------------------------------------------------------------------------------------------------------------------------
Exponentiated coefficients; 95% confidence intervals in brackets
* p<0.05, ** p<0.01, *** p<0.001
