hes
----------------------------------------------------------------------------------------------------------------------------------------------------------------------
                       (1)                           (2)                           (3)                           (4)                           (5)                    
                 outcome~s                     outcome~s                     outcome~s                     outcome~s                     outcome~s                    
----------------------------------------------------------------------------------------------------------------------------------------------------------------------
outcome hes                                                                                                                                                           
British                  1         [1.00,1.00]         1         [1.00,1.00]         1         [1.00,1.00]         1         [1.00,1.00]         1         [1.00,1.00]
Irish                 1.47**       [1.11,1.96]      1.13         [0.82,1.56]      1.08         [0.78,1.49]      1.00         [0.71,1.41]      1.00         [0.71,1.41]
Other White           0.78***      [0.71,0.86]      1.20***      [1.08,1.33]      1.15*        [1.03,1.27]      1.24***      [1.11,1.38]      1.25***      [1.12,1.39]
White + Caribb~n      0.79         [0.53,1.16]      2.02**       [1.33,3.09]      1.90**       [1.24,2.89]      1.91**       [1.25,2.94]      1.90**       [1.24,2.92]
White + African       0.64         [0.38,1.07]      1.71*        [1.00,2.91]      1.50         [0.88,2.57]      1.51         [0.87,2.60]      1.53         [0.89,2.64]
White + Asian         0.80         [0.53,1.20]      2.17***      [1.40,3.36]      2.06**       [1.33,3.20]      2.01**       [1.27,3.17]      2.05**       [1.30,3.25]
Other mixed           0.45***      [0.28,0.71]      1.22         [0.75,1.98]      1.14         [0.70,1.85]      1.11         [0.67,1.83]      1.11         [0.67,1.83]
Indian                0.91         [0.82,1.01]      1.34***      [1.19,1.51]      1.25***      [1.11,1.41]      1.18**       [1.04,1.34]      1.24***      [1.10,1.41]
Pakistani             1.12*        [1.03,1.22]      2.04***      [1.85,2.25]      1.72***      [1.56,1.90]      1.47***      [1.33,1.63]      1.55***      [1.39,1.72]
Bangladeshi           1.19         [0.97,1.47]      2.70***      [2.15,3.39]      2.27***      [1.80,2.85]      2.01***      [1.58,2.55]      2.10***      [1.65,2.67]
Other Asian           1.02         [0.88,1.19]      2.02***      [1.70,2.39]      1.84***      [1.55,2.18]      1.78***      [1.49,2.12]      1.85***      [1.55,2.21]
Caribbean             1.74***      [1.36,2.22]      1.88***      [1.41,2.50]      1.64***      [1.23,2.18]      1.64***      [1.22,2.19]      1.63**       [1.22,2.19]
African               0.78*        [0.63,0.97]      2.12***      [1.69,2.65]      1.80***      [1.44,2.26]      1.90***      [1.51,2.39]      1.92***      [1.52,2.42]
Other Black           0.98         [0.72,1.34]      2.41***      [1.74,3.35]      2.16***      [1.56,3.00]      2.15***      [1.54,3.01]      2.18***      [1.56,3.05]
Chinese               0.82         [0.46,1.47]      1.58         [0.82,3.06]      1.48         [0.76,2.90]      2.00*        [1.03,3.88]      2.02*        [1.05,3.90]
Other                 0.89         [0.73,1.08]      1.91***      [1.55,2.36]      1.74***      [1.41,2.14]      1.78***      [1.44,2.21]      1.82***      [1.47,2.26]
Unknown               0.76***      [0.73,0.80]      1.06*        [1.00,1.11]      1.06*        [1.00,1.12]      1.11***      [1.05,1.17]      1.12***      [1.06,1.18]
Sustainability~o         1         [1.00,1.00]         1         [1.00,1.00]         1         [1.00,1.00]         1         [1.00,1.00]         1         [1.00,1.00]
Sustainability~o      0.62         [0.23,1.72]      0.50         [0.16,1.57]      0.62         [0.19,1.97]      0.73         [0.22,2.44]      0.75         [0.22,2.51]
Sustainability~o      0.69         [0.25,1.91]      0.50         [0.16,1.59]      0.65         [0.20,2.08]      0.79         [0.24,2.66]      0.81         [0.24,2.73]
Sustainability~o      0.91         [0.33,2.54]      0.64         [0.20,2.03]      0.80         [0.25,2.56]      0.95         [0.28,3.18]      0.96         [0.28,3.24]
Sustainability~o      0.69         [0.25,1.93]      0.49         [0.15,1.58]      0.70         [0.22,2.25]      0.82         [0.24,2.78]      0.83         [0.24,2.84]
Sustainability~o      0.93         [0.34,2.59]      0.63         [0.20,2.00]      0.79         [0.25,2.52]      0.93         [0.28,3.10]      0.95         [0.28,3.19]
Sustainability~o      1.39         [0.49,3.93]      0.91         [0.28,2.95]      1.17         [0.36,3.84]      1.39         [0.40,4.78]      1.41         [0.41,4.90]
Sustainability~o      0.90         [0.32,2.49]      0.65         [0.20,2.07]      0.88         [0.27,2.81]      1.01         [0.30,3.38]      1.03         [0.30,3.47]
Sustainability~o      0.79         [0.28,2.20]      0.54         [0.17,1.74]      0.72         [0.22,2.31]      0.82         [0.24,2.75]      0.83         [0.24,2.81]
Sustainability~o      0.86         [0.31,2.37]      0.60         [0.19,1.91]      0.79         [0.25,2.53]      0.90         [0.27,3.02]      0.92         [0.27,3.10]
Sustainability~o      0.71         [0.25,1.96]      0.59         [0.19,1.88]      0.84         [0.26,2.70]      1.01         [0.30,3.37]      1.03         [0.31,3.49]
Sustainability~o      1.24         [0.45,3.44]      0.81         [0.26,2.59]      0.92         [0.29,2.95]      1.10         [0.33,3.70]      1.13         [0.33,3.82]
Sustainability~o      0.92         [0.33,2.54]      0.65         [0.21,2.08]      0.80         [0.25,2.56]      0.99         [0.30,3.32]      1.01         [0.30,3.41]
Sustainability~o      0.81         [0.29,2.27]      0.70         [0.22,2.24]      0.98         [0.30,3.14]      1.15         [0.34,3.87]      1.17         [0.35,4.00]
Sustainability~o      0.51         [0.18,1.44]      0.49         [0.15,1.57]      0.68         [0.21,2.19]      0.79         [0.23,2.68]      0.81         [0.24,2.76]
Sustainability~o      0.81         [0.29,2.27]      0.57         [0.18,1.83]      0.75         [0.23,2.43]      0.92         [0.27,3.09]      0.94         [0.27,3.20]
Sustainability~o      0.83         [0.30,2.33]      0.66         [0.21,2.12]      0.92         [0.29,2.99]      1.09         [0.32,3.68]      1.10         [0.32,3.77]
Sustainability~o      0.74         [0.27,2.07]      0.59         [0.18,1.89]      0.85         [0.26,2.72]      0.95         [0.28,3.18]      0.97         [0.29,3.31]
Sustainability~o      0.43         [0.15,1.21]      0.35         [0.11,1.14]      0.54         [0.17,1.73]      0.65         [0.19,2.19]      0.66         [0.19,2.27]
Sustainability~o      0.67         [0.24,1.87]      0.41         [0.13,1.30]      0.58         [0.18,1.88]      0.71         [0.21,2.38]      0.72         [0.21,2.46]
Sustainability~o      0.63         [0.23,1.75]      0.49         [0.16,1.57]      0.68         [0.21,2.17]      0.77         [0.23,2.60]      0.80         [0.24,2.71]
Sustainability~o      0.70         [0.24,2.05]      0.56         [0.17,1.88]      0.78         [0.23,2.64]      0.97         [0.27,3.42]      0.99         [0.28,3.52]
Sustainability~o      0.63         [0.22,1.76]      0.42         [0.13,1.35]      0.63         [0.19,2.04]      0.78         [0.23,2.66]      0.80         [0.23,2.74]
Sustainability~o      0.19*        [0.04,0.88]      0.15*        [0.03,0.79]      0.24         [0.05,1.28]      0.30         [0.05,1.65]      0.30         [0.05,1.68]
Sustainability~o      0.36         [0.11,1.11]      0.35         [0.10,1.25]      0.46         [0.13,1.68]      0.61         [0.16,2.31]      0.62         [0.16,2.37]
Sustainability~o      0.97         [0.35,2.71]      0.65         [0.20,2.09]      0.91         [0.28,2.92]      1.07         [0.32,3.60]      1.08         [0.32,3.69]
Sustainability~o      0.53         [0.19,1.47]      0.48         [0.15,1.53]      0.72         [0.22,2.32]      0.88         [0.26,2.98]      0.89         [0.26,3.05]
Sustainability~o      0.68         [0.25,1.91]      0.42         [0.13,1.36]      0.63         [0.20,2.03]      0.78         [0.23,2.62]      0.79         [0.23,2.70]
Sustainability~o      0.60         [0.21,1.70]      0.42         [0.13,1.37]      0.55         [0.17,1.80]      0.69         [0.20,2.36]      0.70         [0.20,2.40]
Sustainability~o      0.74         [0.26,2.07]      0.59         [0.18,1.92]      0.89         [0.27,2.88]      1.06         [0.31,3.61]      1.07         [0.31,3.69]
Sustainability~o      0.33         [0.06,1.87]      0.34         [0.05,2.18]      0.55         [0.09,3.50]      0.45         [0.06,3.20]      0.44         [0.06,3.21]
Sustainability~o      0.81         [0.29,2.25]      0.61         [0.19,1.94]      0.76         [0.24,2.43]      0.90         [0.27,3.02]      0.92         [0.27,3.11]
Female                                                 1         [1.00,1.00]         1         [1.00,1.00]         1         [1.00,1.00]         1         [1.00,1.00]
Male                                                1.47***      [1.41,1.53]      1.48***      [1.42,1.54]      1.49***      [1.42,1.56]      1.49***      [1.42,1.56]
Age spline 1                                        1.04***      [1.03,1.05]      1.04***      [1.03,1.05]      1.04***      [1.03,1.05]      1.04***      [1.04,1.05]
Age spline 2                                        1.06***      [1.03,1.08]      1.06***      [1.03,1.09]      1.00         [0.98,1.02]      0.99         [0.96,1.01]
Age spline 3                                        0.94         [0.88,1.00]      0.94*        [0.88,1.00]      1.08*        [1.01,1.15]      1.11**       [1.04,1.19]
1 least deprived                                                                     1         [1.00,1.00]         1         [1.00,1.00]         1         [1.00,1.00]
2                                                                                 1.08         [1.00,1.16]      1.02         [0.94,1.10]      1.01         [0.93,1.09]
3                                                                                 1.27***      [1.18,1.37]      1.15***      [1.07,1.25]      1.14***      [1.06,1.24]
4                                                                                 1.48***      [1.38,1.59]      1.27***      [1.18,1.37]      1.26***      [1.17,1.36]
5 most deprived                                                                   1.87***      [1.75,2.01]      1.50***      [1.39,1.61]      1.49***      [1.38,1.60]
Underweig..5)                                                                                                      1         [1.00,1.00]         1         [1.00,1.00]
Normal (18.5-~9)                                                                                                0.64***      [0.53,0.77]      0.63***      [0.52,0.76]
Overweigh..9 ~4)                                                                                                0.63***      [0.52,0.76]      0.62***      [0.51,0.74]
Obese I (..9 ~4)                                                                                                0.79*        [0.66,0.96]      0.78*        [0.65,0.95]
Obese II ..9 ~4)                                                                                                1.00         [0.82,1.22]      0.99         [0.81,1.20]
Obese III..5+)                                                                                                  1.37**       [1.12,1.68]      1.36**       [1.11,1.67]
Unknown                                                                                                         0.79*        [0.65,0.96]      0.78*        [0.64,0.95]
<6.5%                                                                                                              1         [1.00,1.00]         1         [1.00,1.00]
>=6.5-7.4                                                                                                       1.07         [0.96,1.19]      1.07         [0.96,1.19]
>=7.5-7.9                                                                                                       1.06         [0.91,1.25]      1.06         [0.91,1.25]
>=8-8.9                                                                                                         1.34***      [1.16,1.56]      1.34***      [1.16,1.56]
>=9                                                                                                             1.90***      [1.66,2.18]      1.90***      [1.65,2.18]
Unknown                                                                                                         0.99         [0.93,1.05]      1.00         [0.94,1.06]
Number of GP c~h                                                                                                1.02***      [1.02,1.02]      1.02***      [1.02,1.02]
Never                                                                                                              1         [1.00,1.00]         1         [1.00,1.00]
Former                                                                                                          1.09***      [1.04,1.15]      1.09***      [1.03,1.14]
Current                                                                                                         1.02         [0.94,1.11]      1.01         [0.93,1.10]
Diagnosed hype~0                                                                                                   1         [1.00,1.00]         1         [1.00,1.00]
Diagnosed hype~1                                                                                                1.05         [1.00,1.11]      1.05         [1.00,1.11]
Normal                                                                                                             1         [1.00,1.00]         1         [1.00,1.00]
Elevated                                                                                                        0.87***      [0.80,0.94]      0.86***      [0.79,0.94]
High, stage I                                                                                                   0.89**       [0.84,0.96]      0.89***      [0.83,0.95]
High, stage II                                                                                                  0.92*        [0.86,0.99]      0.92*        [0.85,0.98]
Unknown                                                                                                         0.71***      [0.65,0.78]      0.71***      [0.65,0.77]
Asthma categor~0                                                                                                   1         [1.00,1.00]         1         [1.00,1.00]
Asthma categor~1                                                                                                1.17***      [1.11,1.24]      1.17***      [1.11,1.24]
Chronic Respir~0                                                                                                   1         [1.00,1.00]         1         [1.00,1.00]
Chronic Respir~1                                                                                                2.18***      [2.04,2.33]      2.17***      [2.03,2.32]
Chronic Cardia~0                                                                                                   1         [1.00,1.00]         1         [1.00,1.00]
Chronic Cardia~1                                                                                                1.35***      [1.28,1.44]      1.35***      [1.27,1.43]
No DM                                                                                                              1         [1.00,1.00]         1         [1.00,1.00]
T1DM                                                                                                            1.65***      [1.30,2.10]      1.66***      [1.31,2.11]
T2DM                                                                                                            1.24***      [1.12,1.36]      1.25***      [1.13,1.37]
UNKNOWN_DM                                                                                                      1.15*        [1.03,1.28]      1.15*        [1.03,1.29]
Cancer=0                                                                                                           1         [1.00,1.00]         1         [1.00,1.00]
Cancer=1                                                                                                        1.55***      [1.45,1.66]      1.54***      [1.43,1.65]
Chronic liver ~0                                                                                                   1         [1.00,1.00]         1         [1.00,1.00]
Chronic liver ~1                                                                                                2.20***      [1.86,2.60]      2.20***      [1.86,2.60]
Stroke=0                                                                                                           1         [1.00,1.00]         1         [1.00,1.00]
Stroke=1                                                                                                        1.32***      [1.21,1.45]      1.33***      [1.21,1.45]
Dementia=0                                                                                                         1         [1.00,1.00]         1         [1.00,1.00]
Dementia=1                                                                                                      1.17         [0.95,1.44]      1.23         [1.00,1.51]
Neurological d~0                                                                                                   1         [1.00,1.00]         1         [1.00,1.00]
Neurological d~1                                                                                                2.06***      [1.79,2.37]      2.08***      [1.81,2.40]
egfr >=60                                                                                                          1         [1.00,1.00]         1         [1.00,1.00]
eGFR <60                                                                                                        1.36***      [1.27,1.46]      1.36***      [1.27,1.46]
end stage rena~0                                                                                                   1         [1.00,1.00]         1         [1.00,1.00]
end stage rena~1                                                                                                3.40***      [2.58,4.48]      3.40***      [2.58,4.49]
Immunosuppress~=                                                                                                   1         [1.00,1.00]         1         [1.00,1.00]
Immunosuppress~=                                                                                                1.30*        [1.03,1.64]      1.30*        [1.03,1.63]
Autoimmune dis~0                                                                                                   1         [1.00,1.00]         1         [1.00,1.00]
Autoimmune dis~1                                                                                                1.10*        [1.02,1.20]      1.10*        [1.02,1.20]
1-2                                                                                                                                              1         [1.00,1.00]
3-5                                                                                                                                           0.79***      [0.75,0.84]
6-10                                                                                                                                          0.91         [0.82,1.00]
11+                                                                                                                                           0.44***      [0.36,0.55]
Unknown                                                                                                                                       0.89***      [0.83,0.95]
----------------------------------------------------------------------------------------------------------------------------------------------------------------------
N_sub                                                                                                                                                                 
----------------------------------------------------------------------------------------------------------------------------------------------------------------------
Exponentiated coefficients; 95% confidence intervals in brackets
* p<0.05, ** p<0.01, *** p<0.001
onscoviddeath
----------------------------------------------------------------------------------------------------------------------------------------------------------------------
                       (1)                           (2)                           (3)                           (4)                           (5)                    
                 outcome~h                     outcome~h                     outcome~h                     outcome~h                     outcome~h                    
----------------------------------------------------------------------------------------------------------------------------------------------------------------------
outcome onscov~h                                                                                                                                                      
British                  1         [1.00,1.00]         1         [1.00,1.00]         1         [1.00,1.00]         1         [1.00,1.00]         1         [1.00,1.00]
Irish                 1.39         [0.72,2.70]      1.01         [0.51,2.03]      0.97         [0.49,1.95]      0.87         [0.43,1.77]      0.87         [0.43,1.77]
Other White           0.66***      [0.52,0.84]      1.18         [0.92,1.52]      1.15         [0.90,1.48]      1.20         [0.93,1.56]      1.20         [0.93,1.56]
White + Caribb~n      0.16         [0.02,1.14]      0.61         [0.08,4.61]      0.58         [0.08,4.37]      0.65         [0.09,4.87]      0.64         [0.09,4.83]
White + African       0.23         [0.03,1.64]      1.66        [0.22,12.31]      1.46        [0.20,10.88]      1.56        [0.21,11.73]      1.57        [0.21,11.79]
White + Asian         0.19         [0.03,1.37]      0.72         [0.09,5.49]      0.68         [0.09,5.23]      0.58         [0.07,4.63]      0.58         [0.07,4.56]
Other mixed           0.29         [0.07,1.16]      1.85         [0.44,7.73]      1.72         [0.41,7.20]      1.41         [0.29,6.73]      1.40         [0.29,6.70]
Indian                0.91         [0.70,1.19]      1.75***      [1.31,2.33]      1.66***      [1.25,2.22]      1.77***      [1.31,2.39]      1.81***      [1.33,2.46]
Pakistani             0.87         [0.69,1.10]      1.86***      [1.45,2.38]      1.64***      [1.28,2.11]      1.60***      [1.24,2.08]      1.58**       [1.20,2.08]
Bangladeshi           1.08         [0.64,1.80]      3.77***      [2.13,6.66]      3.32***      [1.88,5.87]      2.70**       [1.49,4.88]      2.63**       [1.44,4.81]
Other Asian           0.60*        [0.38,0.96]      1.56         [0.93,2.60]      1.45         [0.87,2.43]      1.59         [0.94,2.68]      1.58         [0.94,2.67]
Caribbean             1.15         [0.59,2.23]      1.08         [0.53,2.19]      0.98         [0.49,1.99]      1.03         [0.50,2.10]      1.03         [0.50,2.10]
African               0.20**       [0.07,0.53]      1.25         [0.45,3.47]      1.11         [0.40,3.10]      1.18         [0.41,3.37]      1.17         [0.41,3.34]
Other Black           0.65         [0.27,1.56]      3.79**       [1.50,9.62]      3.59**       [1.42,9.07]      3.36*        [1.31,8.59]      3.35*        [1.31,8.57]
Chinese               1.21         [0.39,3.79]      2.74        [0.74,10.18]      2.47         [0.66,9.27]      3.70        [0.91,15.06]      3.61        [0.88,14.77]
Other                 0.32**       [0.15,0.67]      1.00         [0.46,2.18]      0.96         [0.44,2.09]      0.94         [0.43,2.09]      0.95         [0.43,2.11]
Unknown               0.85**       [0.76,0.94]      1.17**       [1.04,1.31]      1.18**       [1.05,1.32]      1.22**       [1.08,1.37]      1.22**       [1.08,1.37]
Sustainability~o         1         [1.00,1.00]         1         [1.00,1.00]         1         [1.00,1.00]         1         [1.00,1.00]         1         [1.00,1.00]
Sustainability~o      0.38         [0.05,2.75]      0.31         [0.03,3.35]      0.37         [0.03,4.02]      0.47         [0.05,4.61]      0.49         [0.05,4.79]
Sustainability~o      0.43         [0.06,3.11]      0.30         [0.03,3.26]      0.37         [0.03,4.03]      0.47         [0.05,4.66]      0.49         [0.05,4.83]
Sustainability~o      0.78         [0.11,5.74]      0.52         [0.05,5.68]      0.62         [0.06,6.78]      0.77         [0.08,7.72]      0.80         [0.08,7.92]
Sustainability~o      0.56         [0.07,4.14]      0.39         [0.04,4.27]      0.51         [0.05,5.71]      0.64         [0.06,6.44]      0.66         [0.07,6.68]
Sustainability~o      0.62         [0.09,4.51]      0.37         [0.03,3.96]      0.44         [0.04,4.74]      0.52         [0.05,5.19]      0.54         [0.06,5.35]
Sustainability~o      0.96         [0.13,7.40]      0.49         [0.04,5.53]      0.59         [0.05,6.80]      0.71         [0.07,7.48]      0.73         [0.07,7.68]
Sustainability~o      0.54         [0.07,3.94]      0.35         [0.03,3.78]      0.44         [0.04,4.77]      0.50         [0.05,4.96]      0.52         [0.05,5.11]
Sustainability~o      0.50         [0.07,3.69]      0.30         [0.03,3.30]      0.37         [0.03,4.11]      0.41         [0.04,4.17]      0.42         [0.04,4.26]
Sustainability~o      0.76         [0.10,5.56]      0.49         [0.05,5.32]      0.61         [0.06,6.62]      0.74         [0.07,7.31]      0.76         [0.08,7.55]
Sustainability~o      0.32         [0.04,2.32]      0.25         [0.02,2.68]      0.33         [0.03,3.58]      0.39         [0.04,3.92]      0.40         [0.04,4.02]
Sustainability~o      0.73         [0.10,5.34]      0.37         [0.03,4.06]      0.41         [0.04,4.52]      0.50         [0.05,4.96]      0.51         [0.05,5.10]
Sustainability~o      0.67         [0.09,4.89]      0.41         [0.04,4.46]      0.49         [0.04,5.33]      0.64         [0.06,6.38]      0.66         [0.07,6.60]
Sustainability~o      0.44         [0.06,3.31]      0.37         [0.03,4.06]      0.47         [0.04,5.29]      0.55         [0.05,5.57]      0.57         [0.06,5.77]
Sustainability~o      0.27         [0.04,2.09]      0.26         [0.02,2.90]      0.33         [0.03,3.73]      0.38         [0.04,4.00]      0.40         [0.04,4.19]
Sustainability~o      0.45         [0.06,3.39]      0.28         [0.02,3.08]      0.34         [0.03,3.81]      0.42         [0.04,4.26]      0.43         [0.04,4.40]
Sustainability~o      0.54         [0.07,4.04]      0.35         [0.03,3.93]      0.45         [0.04,5.08]      0.51         [0.05,5.24]      0.53         [0.05,5.42]
Sustainability~o      0.45         [0.06,3.33]      0.34         [0.03,3.69]      0.44         [0.04,4.94]      0.51         [0.05,5.13]      0.53         [0.05,5.34]
Sustainability~o      0.31         [0.04,2.35]      0.28         [0.02,3.08]      0.38         [0.03,4.24]      0.46         [0.05,4.76]      0.49         [0.05,4.98]
Sustainability~o      1.09         [0.15,7.96]      0.66         [0.06,7.11]      0.86         [0.08,9.47]      1.11        [0.11,11.06]      1.16        [0.12,11.52]
Sustainability~o      0.36         [0.05,2.68]      0.27         [0.02,2.97]      0.34         [0.03,3.74]      0.40         [0.04,3.98]      0.41         [0.04,4.09]
Sustainability~o      0.34         [0.04,3.12]      0.29         [0.02,3.79]      0.35         [0.03,4.74]      0.43         [0.03,5.35]      0.45         [0.04,5.58]
Sustainability~o      0.51         [0.07,3.84]      0.30         [0.03,3.34]      0.42         [0.04,4.65]      0.55         [0.05,5.55]      0.56         [0.06,5.69]
Sustainability~o      0.25         [0.02,3.99]      0.23         [0.01,5.28]      0.33         [0.01,7.66]      0.47        [0.02,10.24]      0.50        [0.02,10.74]
Sustainability~o     0.089         [0.01,1.44]     0.091         [0.00,2.04]      0.11         [0.00,2.46]      0.17         [0.01,3.56]      0.17         [0.01,3.62]
Sustainability~o      0.41         [0.05,3.09]      0.21         [0.02,2.34]      0.27         [0.02,3.01]      0.32         [0.03,3.28]      0.33         [0.03,3.40]
Sustainability~o      0.19         [0.02,1.45]      0.18         [0.02,2.05]      0.25         [0.02,2.84]      0.29         [0.03,3.10]      0.30         [0.03,3.18]
Sustainability~o      0.63         [0.09,4.66]      0.34         [0.03,3.69]      0.46         [0.04,5.14]      0.58         [0.06,5.84]      0.61         [0.06,6.09]
Sustainability~o      0.44         [0.06,3.33]      0.29         [0.03,3.21]      0.35         [0.03,3.96]      0.47         [0.05,4.83]      0.49         [0.05,5.06]
Sustainability~o      0.33         [0.04,2.60]      0.24         [0.02,2.78]      0.34         [0.03,3.90]      0.41         [0.04,4.28]      0.42         [0.04,4.43]
Sustainability~o         1         [1.00,1.00]         1         [1.00,1.00]         1         [1.00,1.00]         1         [1.00,1.00]         1         [1.00,1.00]
Sustainability~o      0.52         [0.07,3.79]      0.37         [0.03,4.01]      0.44         [0.04,4.80]      0.55         [0.06,5.40]      0.57         [0.06,5.59]
Female                                                 1         [1.00,1.00]         1         [1.00,1.00]         1         [1.00,1.00]         1         [1.00,1.00]
Male                                                1.95***      [1.77,2.15]      1.96***      [1.78,2.16]      1.79***      [1.61,1.98]      1.80***      [1.62,1.99]
Age spline 1                                        1.00         [0.94,1.07]      1.00         [0.94,1.07]      1.05         [0.98,1.12]      1.05         [0.98,1.12]
Age spline 2                                        1.57***      [1.35,1.82]      1.55***      [1.33,1.81]      1.31***      [1.12,1.54]      1.30**       [1.11,1.52]
Age spline 3                                        0.31***      [0.22,0.44]      0.32***      [0.22,0.45]      0.48***      [0.33,0.70]      0.49***      [0.34,0.72]
1 least deprived                                                                     1         [1.00,1.00]         1         [1.00,1.00]         1         [1.00,1.00]
2                                                                                 1.07         [0.90,1.27]      0.99         [0.83,1.18]      0.99         [0.83,1.18]
3                                                                                 1.26**       [1.07,1.49]      1.13         [0.96,1.35]      1.13         [0.95,1.34]
4                                                                                 1.49***      [1.27,1.75]      1.26**       [1.07,1.49]      1.26**       [1.07,1.49]
5 most deprived                                                                   1.61***      [1.38,1.88]      1.30**       [1.10,1.52]      1.30**       [1.11,1.52]
Underweig..5)                                                                                                      1         [1.00,1.00]         1         [1.00,1.00]
Normal (18.5-~9)                                                                                                0.59***      [0.43,0.80]      0.59**       [0.43,0.81]
Overweigh..9 ~4)                                                                                                0.49***      [0.36,0.67]      0.50***      [0.36,0.68]
Obese I (..9 ~4)                                                                                                0.59**       [0.43,0.82]      0.60**       [0.44,0.83]
Obese II ..9 ~4)                                                                                                0.67*        [0.47,0.94]      0.67*        [0.48,0.95]
Obese III..5+)                                                                                                  1.13         [0.78,1.64]      1.15         [0.79,1.66]
Unknown                                                                                                         0.70*        [0.49,1.00]      0.71         [0.50,1.01]
<6.5%                                                                                                              1         [1.00,1.00]         1         [1.00,1.00]
>=6.5-7.4                                                                                                       0.97         [0.80,1.17]      0.96         [0.80,1.17]
>=7.5-7.9                                                                                                       0.90         [0.67,1.21]      0.90         [0.67,1.21]
>=8-8.9                                                                                                         1.38*        [1.07,1.78]      1.38*        [1.07,1.78]
>=9                                                                                                             1.13         [0.86,1.48]      1.12         [0.86,1.47]
Unknown                                                                                                         1.09         [0.94,1.26]      1.08         [0.93,1.25]
Number of GP c~h                                                                                                1.01***      [1.01,1.01]      1.01***      [1.01,1.01]
Never                                                                                                              1         [1.00,1.00]         1         [1.00,1.00]
Former                                                                                                          1.38***      [1.23,1.55]      1.38***      [1.23,1.55]
Current                                                                                                         1.73***      [1.41,2.12]      1.73***      [1.41,2.12]
Diagnosed hype~0                                                                                                   1         [1.00,1.00]         1         [1.00,1.00]
Diagnosed hype~1                                                                                                1.10         [0.98,1.23]      1.10         [0.98,1.23]
Normal                                                                                                             1         [1.00,1.00]         1         [1.00,1.00]
Elevated                                                                                                        0.80*        [0.68,0.95]      0.80*        [0.68,0.95]
High, stage I                                                                                                   0.81**       [0.70,0.94]      0.81**       [0.70,0.94]
High, stage II                                                                                                  0.85*        [0.73,0.98]      0.85*        [0.74,0.99]
Unknown                                                                                                         0.84         [0.64,1.10]      0.85         [0.65,1.11]
Asthma categor~0                                                                                                   1         [1.00,1.00]         1         [1.00,1.00]
Asthma categor~1                                                                                                1.01         [0.88,1.15]      1.01         [0.89,1.15]
Chronic Respir~0                                                                                                   1         [1.00,1.00]         1         [1.00,1.00]
Chronic Respir~1                                                                                                1.72***      [1.53,1.93]      1.72***      [1.54,1.93]
Chronic Cardia~0                                                                                                   1         [1.00,1.00]         1         [1.00,1.00]
Chronic Cardia~1                                                                                                1.41***      [1.27,1.56]      1.40***      [1.26,1.56]
No DM                                                                                                              1         [1.00,1.00]         1         [1.00,1.00]
T1DM                                                                                                            2.27**       [1.38,3.73]      2.26**       [1.38,3.71]
T2DM                                                                                                            1.43***      [1.21,1.69]      1.43***      [1.22,1.69]
UNKNOWN_DM                                                                                                      1.02         [0.81,1.28]      1.02         [0.81,1.28]
Cancer=0                                                                                                           1         [1.00,1.00]         1         [1.00,1.00]
Cancer=1                                                                                                        1.41***      [1.25,1.58]      1.41***      [1.25,1.59]
Chronic liver ~0                                                                                                   1         [1.00,1.00]         1         [1.00,1.00]
Chronic liver ~1                                                                                                1.68**       [1.21,2.34]      1.66**       [1.20,2.32]
Stroke=0                                                                                                           1         [1.00,1.00]         1         [1.00,1.00]
Stroke=1                                                                                                        1.12         [0.97,1.29]      1.11         [0.97,1.28]
Dementia=0                                                                                                         1         [1.00,1.00]         1         [1.00,1.00]
Dementia=1                                                                                                      1.11         [0.85,1.46]      1.11         [0.84,1.46]
Neurological d~0                                                                                                   1         [1.00,1.00]         1         [1.00,1.00]
Neurological d~1                                                                                                2.21***      [1.76,2.76]      2.18***      [1.74,2.73]
egfr >=60                                                                                                          1         [1.00,1.00]         1         [1.00,1.00]
eGFR <60                                                                                                        1.53***      [1.37,1.71]      1.53***      [1.37,1.71]
end stage rena~0                                                                                                   1         [1.00,1.00]         1         [1.00,1.00]
end stage rena~1                                                                                                1.79*        [1.12,2.85]      1.78*        [1.12,2.83]
Immunosuppress~=                                                                                                   1         [1.00,1.00]         1         [1.00,1.00]
Immunosuppress~=                                                                                                1.90**       [1.23,2.96]      1.91**       [1.23,2.96]
Autoimmune dis~0                                                                                                   1         [1.00,1.00]         1         [1.00,1.00]
Autoimmune dis~1                                                                                                1.21*        [1.03,1.42]      1.21*        [1.03,1.43]
1-2                                                                                                                                              1         [1.00,1.00]
3-5                                                                                                                                           0.85*        [0.73,0.98]
6-10                                                                                                                                          1.11         [0.85,1.45]
11+                                                                                                                                           1.19         [0.87,1.64]
Unknown                                                                                                                                       0.86         [0.74,1.00]
----------------------------------------------------------------------------------------------------------------------------------------------------------------------
N_sub                                                                                                                                                                 
----------------------------------------------------------------------------------------------------------------------------------------------------------------------
Exponentiated coefficients; 95% confidence intervals in brackets
* p<0.05, ** p<0.01, *** p<0.001
ons_noncoviddeath
----------------------------------------------------------------------------------------------------------------------------------------------------------------------
                       (1)                           (2)                           (3)                           (4)                           (5)                    
                 outcome~h                     outcome~h                     outcome~h                     outcome~h                     outcome~h                    
----------------------------------------------------------------------------------------------------------------------------------------------------------------------
outcome ons_no~h                                                                                                                                                      
British                  1         [1.00,1.00]         1         [1.00,1.00]         1         [1.00,1.00]         1         [1.00,1.00]         1         [1.00,1.00]
Irish                    1         [1.00,1.00]         1         [1.00,1.00]         1         [1.00,1.00]         1         [1.00,1.00]         1         [1.00,1.00]
Other White           0.32         [0.10,1.01]      0.52         [0.16,1.67]      0.51         [0.16,1.65]      0.53         [0.16,1.72]      0.53         [0.16,1.72]
White + Caribb~n      1.87        [0.26,13.57]      4.72        [0.59,37.73]      4.46        [0.56,35.69]      5.27        [0.62,44.62]      5.38        [0.64,45.60]
White + African          1         [1.00,1.00]         1         [1.00,1.00]         1         [1.00,1.00]         1         [1.00,1.00]         1         [1.00,1.00]
White + Asian            1         [1.00,1.00]         1         [1.00,1.00]         1         [1.00,1.00]         1         [1.00,1.00]         1         [1.00,1.00]
Other mixed              1         [1.00,1.00]         1         [1.00,1.00]         1         [1.00,1.00]         1         [1.00,1.00]         1         [1.00,1.00]
Indian                0.25         [0.06,1.04]      0.44         [0.10,1.86]      0.42         [0.10,1.80]      0.53         [0.12,2.28]      0.57         [0.13,2.52]
Pakistani             0.61         [0.24,1.52]      1.25         [0.49,3.15]      1.14         [0.44,2.91]      1.42         [0.53,3.76]      1.56         [0.57,4.29]
Bangladeshi           0.61         [0.08,4.44]      2.10        [0.29,15.42]      1.91        [0.26,14.11]      1.67        [0.22,12.88]      1.89        [0.24,15.12]
Other Asian           0.35         [0.05,2.56]      0.85         [0.11,6.35]      0.80         [0.11,6.02]      1.02         [0.13,7.72]      1.10         [0.14,8.38]
Caribbean             1.12         [0.15,8.23]      0.99         [0.13,7.44]      0.94         [0.13,7.04]      1.14         [0.15,8.62]      1.14         [0.15,8.68]
African               0.57         [0.08,4.12]      2.73        [0.36,20.61]      2.50        [0.33,18.97]      3.49        [0.45,26.73]      3.68        [0.48,28.36]
Other Black              1         [1.00,1.00]         1         [1.00,1.00]         1         [1.00,1.00]         1         [1.00,1.00]         1         [1.00,1.00]
Chinese               4.43        [0.61,32.35]      6.85        [0.77,61.17]      6.37        [0.71,57.18]      8.91        [0.93,85.13]      8.70        [0.91,83.18]
Other                    1         [1.00,1.00]         1         [1.00,1.00]         1         [1.00,1.00]         1         [1.00,1.00]         1         [1.00,1.00]
Unknown               0.68         [0.45,1.03]      0.92         [0.61,1.40]      0.93         [0.61,1.41]      1.01         [0.66,1.55]      1.02         [0.67,1.56]
Sustainability~o         1         [1.00,1.00]         1         [1.00,1.00]         1         [1.00,1.00]         1         [1.00,1.00]         1         [1.00,1.00]
Sustainability~o      0.38**       [0.20,0.72]      0.45*        [0.24,0.84]      0.45*        [0.24,0.84]      0.42**       [0.22,0.79]      0.41**       [0.22,0.79]
Sustainability~o      0.29*        [0.10,0.82]      0.30*        [0.10,0.85]      0.30*        [0.10,0.86]      0.29*        [0.10,0.84]      0.29*        [0.10,0.83]
Sustainability~o      0.97         [0.37,2.54]      0.92         [0.35,2.41]      0.90         [0.34,2.37]      0.91         [0.34,2.41]      0.92         [0.35,2.46]
Sustainability~o      0.85         [0.26,2.82]      0.84         [0.25,2.79]      0.93         [0.28,3.12]      0.92         [0.27,3.09]      0.93         [0.27,3.12]
Sustainability~o      0.83         [0.46,1.52]      0.70         [0.38,1.28]      0.70         [0.38,1.27]      0.64         [0.35,1.18]      0.64         [0.35,1.18]
Sustainability~o         1         [1.00,1.00]         1         [1.00,1.00]         1         [1.00,1.00]         1         [1.00,1.00]         1         [1.00,1.00]
Sustainability~o      0.36         [0.12,1.02]      0.32*        [0.11,0.91]      0.33*        [0.11,0.95]      0.31*        [0.11,0.90]      0.31*        [0.11,0.89]
Sustainability~o      0.58         [0.17,1.90]      0.50         [0.15,1.64]      0.51         [0.15,1.69]      0.46         [0.13,1.54]      0.46         [0.13,1.55]
Sustainability~o      0.30*        [0.11,0.86]      0.26*        [0.09,0.74]      0.27*        [0.09,0.77]      0.22**       [0.07,0.63]      0.22**       [0.07,0.63]
Sustainability~o      0.59         [0.24,1.45]      0.70         [0.28,1.73]      0.77         [0.31,1.91]      0.75         [0.30,1.87]      0.75         [0.30,1.87]
Sustainability~o      2.97**       [1.48,5.97]      2.03*        [1.00,4.12]      1.89         [0.93,3.85]      1.73         [0.84,3.58]      1.70         [0.82,3.52]
Sustainability~o      1.29         [0.58,2.87]      1.07         [0.48,2.39]      1.07         [0.48,2.40]      1.11         [0.49,2.50]      1.13         [0.50,2.54]
Sustainability~o      1.12         [0.39,3.20]      1.29         [0.44,3.76]      1.39         [0.47,4.05]      1.08         [0.36,3.27]      1.09         [0.36,3.30]
Sustainability~o      0.58         [0.14,2.45]      0.81         [0.19,3.45]      0.85         [0.20,3.64]      0.69         [0.16,3.00]      0.69         [0.16,3.00]
Sustainability~o      0.94         [0.28,3.09]      0.77         [0.23,2.58]      0.77         [0.23,2.59]      0.73         [0.22,2.50]      0.72         [0.21,2.47]
Sustainability~o      1.12         [0.34,3.70]      1.03         [0.31,3.46]      1.09         [0.33,3.68]      1.02         [0.30,3.47]      1.01         [0.30,3.47]
Sustainability~o      0.92         [0.32,2.67]      0.94         [0.32,2.72]      1.03         [0.35,3.00]      0.96         [0.32,2.87]      0.99         [0.33,2.95]
Sustainability~o      0.47         [0.11,2.00]      0.65         [0.15,2.75]      0.72         [0.17,3.09]      0.66         [0.15,2.86]      0.66         [0.15,2.86]
Sustainability~o      0.18         [0.02,1.30]      0.14*        [0.02,1.00]      0.15         [0.02,1.08]      0.15         [0.02,1.12]      0.15         [0.02,1.12]
Sustainability~o      0.68         [0.23,1.98]      0.77         [0.25,2.31]      0.78         [0.26,2.37]      0.71         [0.23,2.18]      0.72         [0.23,2.21]
Sustainability~o         1         [1.00,1.00]         1         [1.00,1.00]         1         [1.00,1.00]         1         [1.00,1.00]         1         [1.00,1.00]
Sustainability~o      0.60         [0.14,2.52]      0.49         [0.12,2.08]      0.54         [0.13,2.33]      0.50         [0.12,2.19]      0.50         [0.12,2.18]
Sustainability~o         1         [1.00,1.00]         1         [1.00,1.00]         1         [1.00,1.00]         1         [1.00,1.00]         1         [1.00,1.00]
Sustainability~o         1         [1.00,1.00]         1         [1.00,1.00]         1         [1.00,1.00]         1         [1.00,1.00]         1         [1.00,1.00]
Sustainability~o      0.87         [0.26,2.87]      0.66         [0.20,2.21]      0.70         [0.21,2.33]      0.64         [0.19,2.18]      0.64         [0.19,2.18]
Sustainability~o      0.24         [0.03,1.78]      0.36         [0.05,2.66]      0.40         [0.05,2.98]      0.42         [0.06,3.17]      0.42         [0.06,3.14]
Sustainability~o      0.43         [0.10,1.82]      0.31         [0.07,1.29]      0.35         [0.08,1.49]      0.34         [0.08,1.46]      0.33         [0.08,1.44]
Sustainability~o         1         [1.00,1.00]         1         [1.00,1.00]         1         [1.00,1.00]         1         [1.00,1.00]         1         [1.00,1.00]
Sustainability~o      0.46         [0.06,3.36]      0.45         [0.06,3.33]      0.52         [0.07,3.88]      0.53         [0.07,4.00]      0.52         [0.07,3.96]
Sustainability~o         1         [1.00,1.00]         1         [1.00,1.00]         1         [1.00,1.00]         1         [1.00,1.00]         1         [1.00,1.00]
Sustainability~o         1         [1.00,1.00]         1         [1.00,1.00]         1         [1.00,1.00]         1         [1.00,1.00]         1         [1.00,1.00]
Female                                                 1         [1.00,1.00]         1         [1.00,1.00]         1         [1.00,1.00]         1         [1.00,1.00]
Male                                                1.02         [0.73,1.43]      1.03         [0.73,1.44]      0.94         [0.66,1.34]      0.94         [0.66,1.35]
Age spline 1                                        1.02         [0.90,1.16]      1.02         [0.90,1.16]      1.05         [0.91,1.20]      1.05         [0.91,1.20]
Age spline 2                                        1.20         [0.85,1.70]      1.20         [0.85,1.70]      1.06         [0.74,1.52]      1.06         [0.74,1.52]
Age spline 3                                        0.67         [0.29,1.57]      0.68         [0.29,1.59]      0.91         [0.38,2.18]      0.91         [0.38,2.20]
1 least deprived                                                                     1         [1.00,1.00]         1         [1.00,1.00]         1         [1.00,1.00]
2                                                                                 1.23         [0.66,2.31]      1.19         [0.63,2.25]      1.19         [0.63,2.25]
3                                                                                 1.47         [0.80,2.71]      1.43         [0.77,2.65]      1.43         [0.77,2.66]
4                                                                                 1.49         [0.82,2.71]      1.46         [0.80,2.67]      1.46         [0.80,2.68]
5 most deprived                                                                   1.61         [0.90,2.87]      1.45         [0.81,2.62]      1.46         [0.81,2.63]
Underweig..5)                                                                                                      1         [1.00,1.00]         1         [1.00,1.00]
Normal (18.5-~9)                                                                                                0.30***      [0.15,0.58]      0.30***      [0.15,0.58]
Overweigh..9 ~4)                                                                                                0.21***      [0.11,0.42]      0.22***      [0.11,0.43]
Obese I (..9 ~4)                                                                                                0.16***      [0.07,0.34]      0.16***      [0.07,0.35]
Obese II ..9 ~4)                                                                                                0.25**       [0.10,0.59]      0.25**       [0.10,0.60]
Obese III..5+)                                                                                                  0.23*        [0.07,0.75]      0.23*        [0.07,0.76]
Unknown                                                                                                         0.16***      [0.06,0.44]      0.17***      [0.06,0.44]
<6.5%                                                                                                              1         [1.00,1.00]         1         [1.00,1.00]
>=6.5-7.4                                                                                                       0.98         [0.51,1.91]      0.98         [0.50,1.90]
>=7.5-7.9                                                                                                       0.68         [0.19,2.41]      0.68         [0.19,2.39]
>=8-8.9                                                                                                         0.91         [0.32,2.62]      0.91         [0.31,2.61]
>=9                                                                                                             1.14         [0.40,3.23]      1.12         [0.40,3.19]
Unknown                                                                                                         0.87         [0.52,1.45]      0.86         [0.52,1.44]
Number of GP c~h                                                                                                1.01*        [1.00,1.02]      1.01*        [1.00,1.02]
Never                                                                                                              1         [1.00,1.00]         1         [1.00,1.00]
Former                                                                                                          1.45         [0.98,2.16]      1.45         [0.98,2.17]
Current                                                                                                         1.40         [0.67,2.92]      1.40         [0.67,2.93]
Diagnosed hype~0                                                                                                   1         [1.00,1.00]         1         [1.00,1.00]
Diagnosed hype~1                                                                                                1.17         [0.77,1.77]      1.17         [0.77,1.78]
Normal                                                                                                             1         [1.00,1.00]         1         [1.00,1.00]
Elevated                                                                                                        0.59         [0.31,1.09]      0.59         [0.32,1.11]
High, stage I                                                                                                   0.80         [0.49,1.31]      0.81         [0.50,1.33]
High, stage II                                                                                                  0.91         [0.56,1.48]      0.92         [0.57,1.49]
Unknown                                                                                                         0.84         [0.34,2.08]      0.85         [0.34,2.12]
Asthma categor~0                                                                                                   1         [1.00,1.00]         1         [1.00,1.00]
Asthma categor~1                                                                                                0.97         [0.60,1.57]      0.97         [0.60,1.57]
Chronic Respir~0                                                                                                   1         [1.00,1.00]         1         [1.00,1.00]
Chronic Respir~1                                                                                                1.17         [0.77,1.79]      1.18         [0.77,1.79]
Chronic Cardia~0                                                                                                   1         [1.00,1.00]         1         [1.00,1.00]
Chronic Cardia~1                                                                                                1.18         [0.81,1.72]      1.19         [0.81,1.74]
No DM                                                                                                              1         [1.00,1.00]         1         [1.00,1.00]
T1DM                                                                                                               1         [1.00,1.00]         1         [1.00,1.00]
T2DM                                                                                                            1.23         [0.70,2.18]      1.23         [0.70,2.18]
UNKNOWN_DM                                                                                                      0.88         [0.40,1.98]      0.87         [0.39,1.95]
Cancer=0                                                                                                           1         [1.00,1.00]         1         [1.00,1.00]
Cancer=1                                                                                                        3.36***      [2.35,4.80]      3.36***      [2.35,4.81]
Chronic liver ~0                                                                                                   1         [1.00,1.00]         1         [1.00,1.00]
Chronic liver ~1                                                                                                3.14*        [1.22,8.11]      3.17*        [1.23,8.16]
Stroke=0                                                                                                           1         [1.00,1.00]         1         [1.00,1.00]
Stroke=1                                                                                                        0.84         [0.50,1.42]      0.84         [0.50,1.43]
Dementia=0                                                                                                         1         [1.00,1.00]         1         [1.00,1.00]
Dementia=1                                                                                                      1.95         [0.94,4.05]      1.91         [0.92,3.99]
Neurological d~0                                                                                                   1         [1.00,1.00]         1         [1.00,1.00]
Neurological d~1                                                                                                1.29         [0.52,3.22]      1.28         [0.51,3.19]
egfr >=60                                                                                                          1         [1.00,1.00]         1         [1.00,1.00]
eGFR <60                                                                                                        1.32         [0.89,1.96]      1.33         [0.89,1.97]
end stage rena~0                                                                                                   1         [1.00,1.00]         1         [1.00,1.00]
end stage rena~1                                                                                                3.10        [0.70,13.69]      3.11        [0.70,13.76]
Immunosuppress~=                                                                                                   1         [1.00,1.00]         1         [1.00,1.00]
Immunosuppress~=                                                                                                0.66         [0.09,5.08]      0.65         [0.09,5.03]
Autoimmune dis~0                                                                                                   1         [1.00,1.00]         1         [1.00,1.00]
Autoimmune dis~1                                                                                                1.37         [0.80,2.34]      1.38         [0.81,2.36]
1-2                                                                                                                                              1         [1.00,1.00]
3-5                                                                                                                                           0.92         [0.53,1.58]
6-10                                                                                                                                          0.62         [0.18,2.11]
11+                                                                                                                                           1.44         [0.59,3.52]
Unknown                                                                                                                                       1.08         [0.64,1.81]
----------------------------------------------------------------------------------------------------------------------------------------------------------------------
N_sub                                                                                                                                                                 
----------------------------------------------------------------------------------------------------------------------------------------------------------------------
Exponentiated coefficients; 95% confidence intervals in brackets
* p<0.05, ** p<0.01, *** p<0.001
onsdeath
----------------------------------------------------------------------------------------------------------------------------------------------------------------------
                       (1)                           (2)                           (3)                           (4)                           (5)                    
                 outcome~h                     outcome~h                     outcome~h                     outcome~h                     outcome~h                    
----------------------------------------------------------------------------------------------------------------------------------------------------------------------
outcome onsdeath                                                                                                                                                      
British                  1         [1.00,1.00]         1         [1.00,1.00]         1         [1.00,1.00]         1         [1.00,1.00]         1         [1.00,1.00]
Irish                 1.28         [0.66,2.49]      0.92         [0.46,1.84]      0.89         [0.44,1.77]      0.78         [0.38,1.59]      0.78         [0.38,1.59]
Other White           0.64***      [0.50,0.80]      1.12         [0.88,1.44]      1.10         [0.86,1.41]      1.14         [0.89,1.48]      1.15         [0.89,1.48]
White + Caribb~n      0.30         [0.07,1.19]      1.14         [0.26,4.93]      1.08         [0.25,4.68]      1.21         [0.28,5.24]      1.20         [0.28,5.21]
White + African       0.21         [0.03,1.52]      1.53        [0.21,11.28]      1.35         [0.18,9.98]      1.45        [0.19,10.90]      1.47        [0.20,11.00]
White + Asian         0.18         [0.02,1.26]      0.66         [0.09,5.03]      0.63         [0.08,4.80]      0.54         [0.07,4.28]      0.54         [0.07,4.24]
Other mixed           0.26         [0.07,1.06]      1.70         [0.41,7.07]      1.57         [0.38,6.58]      1.29         [0.27,6.15]      1.29         [0.27,6.15]
Indian                0.85         [0.65,1.10]      1.62***      [1.22,2.15]      1.54**       [1.16,2.04]      1.66***      [1.23,2.23]      1.70***      [1.26,2.31]
Pakistani             0.85         [0.68,1.06]      1.83***      [1.44,2.32]      1.61***      [1.26,2.06]      1.60***      [1.25,2.07]      1.59***      [1.22,2.08]
Bangladeshi           1.03         [0.63,1.70]      3.65***      [2.10,6.35]      3.22***      [1.85,5.61]      2.66***      [1.49,4.73]      2.62**       [1.46,4.70]
Other Asian           0.58*        [0.37,0.92]      1.50         [0.91,2.47]      1.40         [0.85,2.31]      1.56         [0.94,2.59]      1.56         [0.93,2.60]
Caribbean             1.15         [0.61,2.16]      1.08         [0.55,2.12]      0.98         [0.50,1.93]      1.03         [0.52,2.04]      1.03         [0.52,2.05]
African               0.23**       [0.10,0.55]      1.43         [0.57,3.59]      1.27         [0.51,3.21]      1.38         [0.54,3.56]      1.38         [0.54,3.55]
Other Black           0.59         [0.24,1.43]      3.41**       [1.34,8.66]      3.23*        [1.27,8.17]      3.12*        [1.23,7.96]      3.12*        [1.23,7.97]
Chinese               1.49         [0.55,4.01]      3.65*       [1.12,11.89]      3.32*       [1.01,10.92]      5.23**      [1.52,17.94]      5.13**      [1.48,17.70]
Other                 0.29**       [0.14,0.62]      0.91         [0.42,1.99]      0.88         [0.40,1.92]      0.87         [0.39,1.93]      0.88         [0.40,1.95]
Unknown               0.84***      [0.75,0.93]      1.15*        [1.03,1.29]      1.16**       [1.04,1.30]      1.20**       [1.07,1.35]      1.21**       [1.08,1.36]
Sustainability~o         1         [1.00,1.00]         1         [1.00,1.00]         1         [1.00,1.00]         1         [1.00,1.00]         1         [1.00,1.00]
Sustainability~o      0.40         [0.06,2.92]      0.33         [0.03,3.55]      0.39         [0.04,4.26]      0.49         [0.05,4.81]      0.51         [0.05,4.97]
Sustainability~o      0.44         [0.06,3.23]      0.31         [0.03,3.38]      0.38         [0.04,4.18]      0.49         [0.05,4.76]      0.50         [0.05,4.91]
Sustainability~o      0.84         [0.11,6.16]      0.57         [0.05,6.15]      0.67         [0.06,7.33]      0.84         [0.09,8.27]      0.86         [0.09,8.46]
Sustainability~o      0.61         [0.08,4.50]      0.42         [0.04,4.66]      0.56         [0.05,6.25]      0.70         [0.07,6.95]      0.72         [0.07,7.18]
Sustainability~o      0.67         [0.09,4.86]      0.40         [0.04,4.28]      0.47         [0.04,5.12]      0.57         [0.06,5.53]      0.58         [0.06,5.69]
Sustainability~o      0.96         [0.13,7.41]      0.48         [0.04,5.47]      0.59         [0.05,6.73]      0.70         [0.07,7.31]      0.72         [0.07,7.48]
Sustainability~o      0.56         [0.08,4.09]      0.36         [0.03,3.90]      0.45         [0.04,4.93]      0.52         [0.05,5.06]      0.53         [0.05,5.20]
Sustainability~o      0.53         [0.07,3.93]      0.32         [0.03,3.52]      0.40         [0.04,4.38]      0.44         [0.04,4.39]      0.45         [0.05,4.47]
Sustainability~o      0.78         [0.11,5.68]      0.50         [0.05,5.42]      0.62         [0.06,6.74]      0.75         [0.08,7.30]      0.77         [0.08,7.52]
Sustainability~o      0.35         [0.05,2.57]      0.28         [0.03,2.98]      0.36         [0.03,3.98]      0.44         [0.04,4.32]      0.45         [0.05,4.41]
Sustainability~o      0.88         [0.12,6.49]      0.46         [0.04,5.01]      0.51         [0.05,5.57]      0.61         [0.06,6.04]      0.63         [0.06,6.19]
Sustainability~o      0.74         [0.10,5.43]      0.46         [0.04,4.97]      0.54         [0.05,5.95]      0.71         [0.07,7.02]      0.74         [0.08,7.25]
Sustainability~o      0.51         [0.07,3.76]      0.42         [0.04,4.67]      0.55         [0.05,6.08]      0.63         [0.06,6.32]      0.65         [0.07,6.52]
Sustainability~o      0.31         [0.04,2.33]      0.29         [0.03,3.26]      0.37         [0.03,4.19]      0.43         [0.04,4.39]      0.45         [0.04,4.58]
Sustainability~o      0.51         [0.07,3.78]      0.31         [0.03,3.42]      0.38         [0.03,4.24]      0.47         [0.05,4.69]      0.48         [0.05,4.82]
Sustainability~o      0.60         [0.08,4.51]      0.40         [0.04,4.43]      0.51         [0.05,5.73]      0.58         [0.06,5.84]      0.60         [0.06,6.02]
Sustainability~o      0.50         [0.07,3.71]      0.38         [0.03,4.12]      0.50         [0.05,5.52]      0.57         [0.06,5.67]      0.59         [0.06,5.88]
Sustainability~o      0.34         [0.05,2.55]      0.30         [0.03,3.35]      0.41         [0.04,4.62]      0.51         [0.05,5.11]      0.53         [0.05,5.32]
Sustainability~o      1.10         [0.15,8.04]      0.66         [0.06,7.14]      0.87         [0.08,9.52]      1.12        [0.11,11.01]      1.17        [0.12,11.43]
Sustainability~o      0.40         [0.05,2.95]      0.30         [0.03,3.29]      0.37         [0.03,4.13]      0.44         [0.04,4.33]      0.45         [0.05,4.43]
Sustainability~o      0.35         [0.04,3.18]      0.29         [0.02,3.87]      0.36         [0.03,4.83]      0.44         [0.04,5.36]      0.46         [0.04,5.56]
Sustainability~o      0.55         [0.07,4.09]      0.32         [0.03,3.54]      0.44         [0.04,4.93]      0.58         [0.06,5.78]      0.59         [0.06,5.90]
Sustainability~o      0.25         [0.02,4.00]      0.23         [0.01,5.27]      0.33         [0.01,7.66]      0.48        [0.02,10.24]      0.50        [0.02,10.68]
Sustainability~o     0.089         [0.01,1.44]     0.089         [0.00,2.00]      0.11         [0.00,2.40]      0.16         [0.01,3.42]      0.17         [0.01,3.47]
Sustainability~o      0.46         [0.06,3.45]      0.24         [0.02,2.62]      0.30         [0.03,3.38]      0.36         [0.04,3.63]      0.37         [0.04,3.75]
Sustainability~o      0.20         [0.03,1.55]      0.19         [0.02,2.20]      0.27         [0.02,3.04]      0.32         [0.03,3.31]      0.33         [0.03,3.38]
Sustainability~o      0.66         [0.09,4.84]      0.35         [0.03,3.79]      0.48         [0.04,5.29]      0.60         [0.06,5.93]      0.62         [0.06,6.16]
Sustainability~o      0.44         [0.06,3.34]      0.28         [0.03,3.18]      0.35         [0.03,3.93]      0.46         [0.05,4.71]      0.48         [0.05,4.91]
Sustainability~o      0.36         [0.05,2.79]      0.26         [0.02,2.97]      0.36         [0.03,4.17]      0.44         [0.04,4.54]      0.45         [0.04,4.67]
Sustainability~o         1         [1.00,1.00]         1         [1.00,1.00]         1         [1.00,1.00]         1         [1.00,1.00]         1         [1.00,1.00]
Sustainability~o      0.58         [0.08,4.21]      0.42         [0.04,4.48]      0.49         [0.05,5.37]      0.61         [0.06,5.99]      0.63         [0.07,6.17]
Female                                                 1         [1.00,1.00]         1         [1.00,1.00]         1         [1.00,1.00]         1         [1.00,1.00]
Male                                                1.88***      [1.71,2.06]      1.89***      [1.72,2.08]      1.72***      [1.56,1.90]      1.73***      [1.57,1.91]
Age spline 1                                        1.00         [0.94,1.06]      1.00         [0.95,1.06]      1.04         [0.98,1.11]      1.04         [0.98,1.11]
Age spline 2                                        1.53***      [1.34,1.75]      1.52***      [1.32,1.74]      1.29***      [1.12,1.49]      1.28***      [1.11,1.48]
Age spline 3                                        0.34***      [0.24,0.46]      0.34***      [0.25,0.47]      0.51***      [0.36,0.71]      0.52***      [0.37,0.73]
1 least deprived                                                                     1         [1.00,1.00]         1         [1.00,1.00]         1         [1.00,1.00]
2                                                                                 1.08         [0.92,1.28]      1.01         [0.85,1.19]      1.01         [0.85,1.19]
3                                                                                 1.28**       [1.09,1.51]      1.15         [0.98,1.36]      1.15         [0.98,1.36]
4                                                                                 1.50***      [1.28,1.75]      1.28**       [1.09,1.50]      1.28**       [1.09,1.50]
5 most deprived                                                                   1.62***      [1.40,1.88]      1.31***      [1.12,1.53]      1.31***      [1.12,1.53]
Underweig..5)                                                                                                      1         [1.00,1.00]         1         [1.00,1.00]
Normal (18.5-~9)                                                                                                0.50***      [0.38,0.67]      0.51***      [0.38,0.68]
Overweigh..9 ~4)                                                                                                0.41***      [0.31,0.55]      0.42***      [0.31,0.56]
Obese I (..9 ~4)                                                                                                0.49***      [0.36,0.66]      0.49***      [0.37,0.67]
Obese II ..9 ~4)                                                                                                0.56***      [0.40,0.77]      0.56***      [0.41,0.78]
Obese III..5+)                                                                                                  0.92         [0.64,1.31]      0.93         [0.65,1.33]
Unknown                                                                                                         0.57***      [0.41,0.80]      0.58**       [0.41,0.81]
<6.5%                                                                                                              1         [1.00,1.00]         1         [1.00,1.00]
>=6.5-7.4                                                                                                       0.96         [0.80,1.16]      0.96         [0.80,1.16]
>=7.5-7.9                                                                                                       0.88         [0.66,1.18]      0.88         [0.66,1.18]
>=8-8.9                                                                                                         1.36*        [1.06,1.75]      1.36*        [1.06,1.75]
>=9                                                                                                             1.12         [0.86,1.46]      1.12         [0.86,1.46]
Unknown                                                                                                         1.07         [0.93,1.24]      1.06         [0.92,1.23]
Number of GP c~h                                                                                                1.01***      [1.01,1.01]      1.01***      [1.01,1.01]
Never                                                                                                              1         [1.00,1.00]         1         [1.00,1.00]
Former                                                                                                          1.40***      [1.25,1.56]      1.40***      [1.25,1.57]
Current                                                                                                         1.72***      [1.41,2.10]      1.72***      [1.41,2.10]
Diagnosed hype~0                                                                                                   1         [1.00,1.00]         1         [1.00,1.00]
Diagnosed hype~1                                                                                                1.11         [0.99,1.24]      1.11         [0.99,1.24]
Normal                                                                                                             1         [1.00,1.00]         1         [1.00,1.00]
Elevated                                                                                                        0.78**       [0.66,0.92]      0.78**       [0.67,0.92]
High, stage I                                                                                                   0.80**       [0.70,0.93]      0.81**       [0.70,0.93]
High, stage II                                                                                                  0.85*        [0.74,0.98]      0.85*        [0.74,0.98]
Unknown                                                                                                         0.83         [0.64,1.08]      0.84         [0.65,1.09]
Asthma categor~0                                                                                                   1         [1.00,1.00]         1         [1.00,1.00]
Asthma categor~1                                                                                                1.01         [0.88,1.14]      1.01         [0.89,1.15]
Chronic Respir~0                                                                                                   1         [1.00,1.00]         1         [1.00,1.00]
Chronic Respir~1                                                                                                1.69***      [1.51,1.89]      1.69***      [1.51,1.90]
Chronic Cardia~0                                                                                                   1         [1.00,1.00]         1         [1.00,1.00]
Chronic Cardia~1                                                                                                1.40***      [1.26,1.55]      1.39***      [1.26,1.54]
No DM                                                                                                              1         [1.00,1.00]         1         [1.00,1.00]
T1DM                                                                                                            2.09**       [1.27,3.43]      2.08**       [1.27,3.40]
T2DM                                                                                                            1.43***      [1.22,1.68]      1.43***      [1.22,1.68]
UNKNOWN_DM                                                                                                      1.01         [0.81,1.26]      1.01         [0.81,1.26]
Cancer=0                                                                                                           1         [1.00,1.00]         1         [1.00,1.00]
Cancer=1                                                                                                        1.53***      [1.37,1.72]      1.53***      [1.37,1.72]
Chronic liver ~0                                                                                                   1         [1.00,1.00]         1         [1.00,1.00]
Chronic liver ~1                                                                                                1.80***      [1.31,2.47]      1.78***      [1.29,2.44]
Stroke=0                                                                                                           1         [1.00,1.00]         1         [1.00,1.00]
Stroke=1                                                                                                        1.09         [0.95,1.26]      1.09         [0.95,1.25]
Dementia=0                                                                                                         1         [1.00,1.00]         1         [1.00,1.00]
Dementia=1                                                                                                      1.18         [0.91,1.54]      1.18         [0.90,1.53]
Neurological d~0                                                                                                   1         [1.00,1.00]         1         [1.00,1.00]
Neurological d~1                                                                                                2.16***      [1.73,2.69]      2.14***      [1.71,2.66]
egfr >=60                                                                                                          1         [1.00,1.00]         1         [1.00,1.00]
eGFR <60                                                                                                        1.53***      [1.37,1.70]      1.53***      [1.37,1.71]
end stage rena~0                                                                                                   1         [1.00,1.00]         1         [1.00,1.00]
end stage rena~1                                                                                                1.87**       [1.19,2.94]      1.85**       [1.18,2.92]
Immunosuppress~=                                                                                                   1         [1.00,1.00]         1         [1.00,1.00]
Immunosuppress~=                                                                                                1.78**       [1.15,2.75]      1.79**       [1.16,2.75]
Autoimmune dis~0                                                                                                   1         [1.00,1.00]         1         [1.00,1.00]
Autoimmune dis~1                                                                                                1.23*        [1.05,1.44]      1.23*        [1.05,1.44]
1-2                                                                                                                                              1         [1.00,1.00]
3-5                                                                                                                                           0.85*        [0.74,0.98]
6-10                                                                                                                                          1.07         [0.82,1.39]
11+                                                                                                                                           1.22         [0.90,1.66]
Unknown                                                                                                                                       0.87         [0.75,1.01]
----------------------------------------------------------------------------------------------------------------------------------------------------------------------
N_sub                                                                                                                                                                 
----------------------------------------------------------------------------------------------------------------------------------------------------------------------
Exponentiated coefficients; 95% confidence intervals in brackets
* p<0.05, ** p<0.01, *** p<0.001
