hes
----------------------------------------------------------------------------------------------------------------------------------------------------------------------
                       (1)                           (2)                           (3)                           (4)                           (5)                    
                 outcome~s                     outcome~s                     outcome~s                     outcome~s                     outcome~s                    
----------------------------------------------------------------------------------------------------------------------------------------------------------------------
outcome hes                                                                                                                                                           
White                    1         [1.00,1.00]         1         [1.00,1.00]         1         [1.00,1.00]         1         [1.00,1.00]         1         [1.00,1.00]
South Asian           1.06         [0.99,1.13]      1.77***      [1.65,1.90]      1.57***      [1.46,1.69]      1.41***      [1.30,1.52]      1.47***      [1.35,1.59]
Black                 1.05         [0.91,1.21]      2.07***      [1.76,2.42]      1.79***      [1.53,2.10]      1.82***      [1.55,2.14]      1.83***      [1.55,2.16]
Mixed                 0.67***      [0.54,0.83]      1.71***      [1.36,2.16]      1.59***      [1.26,2.01]      1.57***      [1.23,1.99]      1.57***      [1.24,2.00]
Other                 0.90         [0.75,1.09]      1.85***      [1.52,2.26]      1.69***      [1.38,2.06]      1.76***      [1.43,2.15]      1.79***      [1.46,2.19]
Unknown               0.77***      [0.74,0.81]      1.04         [0.99,1.10]      1.05         [0.99,1.10]      1.09**       [1.03,1.16]      1.10***      [1.04,1.16]
Sustainability~o         1         [1.00,1.00]         1         [1.00,1.00]         1         [1.00,1.00]         1         [1.00,1.00]         1         [1.00,1.00]
Sustainability~o      0.64         [0.23,1.76]      0.50         [0.16,1.59]      0.63         [0.20,2.00]      0.74         [0.22,2.47]      0.76         [0.23,2.55]
Sustainability~o      0.70         [0.25,1.94]      0.50         [0.16,1.58]      0.66         [0.21,2.10]      0.80         [0.24,2.69]      0.82         [0.24,2.76]
Sustainability~o      0.90         [0.32,2.49]      0.64         [0.20,2.04]      0.81         [0.25,2.60]      0.98         [0.29,3.27]      0.99         [0.29,3.34]
Sustainability~o      0.70         [0.25,1.96]      0.49         [0.15,1.56]      0.70         [0.22,2.27]      0.83         [0.25,2.80]      0.84         [0.25,2.87]
Sustainability~o      0.95         [0.34,2.63]      0.63         [0.20,2.00]      0.80         [0.25,2.54]      0.94         [0.28,3.13]      0.96         [0.28,3.23]
Sustainability~o      1.41         [0.50,4.00]      0.91         [0.28,2.96]      1.19         [0.36,3.89]      1.41         [0.41,4.84]      1.43         [0.41,4.97]
Sustainability~o      0.91         [0.33,2.53]      0.65         [0.20,2.05]      0.89         [0.28,2.83]      1.02         [0.31,3.42]      1.04         [0.31,3.51]
Sustainability~o      0.79         [0.29,2.21]      0.55         [0.17,1.74]      0.73         [0.23,2.34]      0.83         [0.25,2.79]      0.84         [0.25,2.85]
Sustainability~o      0.87         [0.31,2.41]      0.60         [0.19,1.91]      0.80         [0.25,2.55]      0.92         [0.27,3.07]      0.93         [0.28,3.14]
Sustainability~o      0.69         [0.25,1.92]      0.55         [0.18,1.76]      0.81         [0.25,2.59]      0.99         [0.29,3.30]      1.01         [0.30,3.42]
Sustainability~o      1.24         [0.45,3.45]      0.80         [0.25,2.54]      0.92         [0.29,2.93]      1.11         [0.33,3.71]      1.14         [0.34,3.84]
Sustainability~o      0.94         [0.34,2.60]      0.66         [0.21,2.11]      0.82         [0.26,2.61]      1.01         [0.30,3.38]      1.03         [0.30,3.47]
Sustainability~o      0.81         [0.29,2.25]      0.71         [0.22,2.26]      1.00         [0.31,3.20]      1.18         [0.35,3.98]      1.21         [0.36,4.12]
Sustainability~o      0.51         [0.18,1.43]      0.50         [0.16,1.60]      0.70         [0.22,2.25]      0.82         [0.24,2.77]      0.84         [0.24,2.86]
Sustainability~o      0.81         [0.29,2.26]      0.57         [0.18,1.83]      0.77         [0.24,2.46]      0.93         [0.28,3.15]      0.96         [0.28,3.26]
Sustainability~o      0.84         [0.30,2.35]      0.66         [0.21,2.12]      0.94         [0.29,3.02]      1.11         [0.33,3.75]      1.12         [0.33,3.84]
Sustainability~o      0.76         [0.27,2.10]      0.61         [0.19,1.95]      0.88         [0.28,2.83]      0.98         [0.29,3.31]      1.01         [0.30,3.44]
Sustainability~o      0.43         [0.16,1.22]      0.36         [0.11,1.14]      0.54         [0.17,1.76]      0.66         [0.19,2.23]      0.68         [0.20,2.32]
Sustainability~o      0.68         [0.24,1.89]      0.41         [0.13,1.30]      0.59         [0.19,1.90]      0.72         [0.21,2.42]      0.74         [0.22,2.51]
Sustainability~o      0.61         [0.22,1.69]      0.49         [0.15,1.56]      0.68         [0.21,2.19]      0.80         [0.24,2.69]      0.83         [0.24,2.80]
Sustainability~o      0.70         [0.24,2.03]      0.58         [0.17,1.94]      0.81         [0.24,2.74]      1.01         [0.29,3.57]      1.03         [0.29,3.69]
Sustainability~o      0.63         [0.23,1.77]      0.42         [0.13,1.35]      0.64         [0.20,2.07]      0.80         [0.24,2.71]      0.82         [0.24,2.80]
Sustainability~o      0.20*        [0.04,0.90]      0.15*        [0.03,0.80]      0.25         [0.05,1.32]      0.31         [0.06,1.71]      0.31         [0.06,1.74]
Sustainability~o      0.36         [0.12,1.12]      0.35         [0.10,1.25]      0.47         [0.13,1.70]      0.62         [0.16,2.35]      0.63         [0.17,2.41]
Sustainability~o      0.99         [0.35,2.75]      0.65         [0.21,2.09]      0.92         [0.29,2.95]      1.08         [0.32,3.65]      1.10         [0.32,3.74]
Sustainability~o      0.53         [0.19,1.48]      0.47         [0.15,1.52]      0.72         [0.22,2.33]      0.89         [0.26,3.02]      0.91         [0.27,3.09]
Sustainability~o      0.69         [0.25,1.92]      0.43         [0.13,1.36]      0.64         [0.20,2.05]      0.79         [0.23,2.66]      0.81         [0.24,2.75]
Sustainability~o      0.61         [0.22,1.71]      0.43         [0.13,1.37]      0.56         [0.17,1.82]      0.71         [0.21,2.41]      0.72         [0.21,2.45]
Sustainability~o      0.74         [0.26,2.09]      0.59         [0.18,1.90]      0.89         [0.27,2.89]      1.07         [0.31,3.65]      1.08         [0.32,3.72]
Sustainability~o      0.34         [0.06,1.91]      0.34         [0.05,2.19]      0.55         [0.09,3.55]      0.45         [0.06,3.23]      0.44         [0.06,3.24]
Sustainability~o      0.83         [0.30,2.30]      0.61         [0.19,1.94]      0.77         [0.24,2.45]      0.91         [0.27,3.04]      0.93         [0.28,3.14]
Female                                                 1         [1.00,1.00]         1         [1.00,1.00]         1         [1.00,1.00]         1         [1.00,1.00]
Male                                                1.47***      [1.41,1.53]      1.48***      [1.42,1.54]      1.49***      [1.42,1.56]      1.49***      [1.42,1.56]
Age spline 1                                        1.04***      [1.03,1.05]      1.04***      [1.03,1.05]      1.04***      [1.03,1.05]      1.04***      [1.04,1.05]
Age spline 2                                        1.05***      [1.03,1.08]      1.06***      [1.03,1.08]      1.00         [0.97,1.02]      0.99         [0.96,1.01]
Age spline 3                                        0.95         [0.89,1.01]      0.95         [0.89,1.01]      1.09**       [1.02,1.16]      1.12***      [1.05,1.20]
1 least deprived                                                                     1         [1.00,1.00]         1         [1.00,1.00]         1         [1.00,1.00]
2                                                                                 1.08         [1.00,1.17]      1.02         [0.94,1.10]      1.01         [0.93,1.10]
3                                                                                 1.27***      [1.18,1.37]      1.15***      [1.07,1.25]      1.14***      [1.06,1.24]
4                                                                                 1.48***      [1.38,1.59]      1.27***      [1.18,1.37]      1.26***      [1.17,1.36]
5 most deprived                                                                   1.90***      [1.77,2.03]      1.51***      [1.41,1.63]      1.50***      [1.40,1.61]
Underweig..5)                                                                                                      1         [1.00,1.00]         1         [1.00,1.00]
Normal (18.5-~9)                                                                                                0.64***      [0.53,0.77]      0.63***      [0.52,0.76]
Overweigh..9 ~4)                                                                                                0.63***      [0.52,0.76]      0.62***      [0.51,0.74]
Obese I (..9 ~4)                                                                                                0.79*        [0.66,0.96]      0.78*        [0.65,0.95]
Obese II ..9 ~4)                                                                                                1.00         [0.82,1.22]      0.99         [0.81,1.20]
Obese III..5+)                                                                                                  1.37**       [1.12,1.67]      1.35**       [1.11,1.66]
Unknown                                                                                                         0.79*        [0.65,0.96]      0.78*        [0.64,0.95]
<6.5%                                                                                                              1         [1.00,1.00]         1         [1.00,1.00]
>=6.5-7.4                                                                                                       1.07         [0.96,1.19]      1.07         [0.96,1.19]
>=7.5-7.9                                                                                                       1.07         [0.91,1.25]      1.07         [0.91,1.25]
>=8-8.9                                                                                                         1.34***      [1.16,1.56]      1.34***      [1.16,1.56]
>=9                                                                                                             1.90***      [1.65,2.18]      1.89***      [1.65,2.17]
Unknown                                                                                                         0.99         [0.93,1.05]      1.00         [0.94,1.06]
Number of GP c~h                                                                                                1.02***      [1.02,1.02]      1.02***      [1.02,1.02]
Never                                                                                                              1         [1.00,1.00]         1         [1.00,1.00]
Former                                                                                                          1.10***      [1.05,1.15]      1.09***      [1.04,1.14]
Current                                                                                                         1.03         [0.95,1.12]      1.02         [0.93,1.11]
Diagnosed hype~0                                                                                                   1         [1.00,1.00]         1         [1.00,1.00]
Diagnosed hype~1                                                                                                1.05         [1.00,1.11]      1.05         [0.99,1.11]
Normal                                                                                                             1         [1.00,1.00]         1         [1.00,1.00]
Elevated                                                                                                        0.87***      [0.80,0.94]      0.86***      [0.79,0.93]
High, stage I                                                                                                   0.89**       [0.83,0.96]      0.89***      [0.83,0.95]
High, stage II                                                                                                  0.92*        [0.86,0.99]      0.91*        [0.85,0.98]
Unknown                                                                                                         0.71***      [0.65,0.78]      0.71***      [0.65,0.77]
Asthma categor~0                                                                                                   1         [1.00,1.00]         1         [1.00,1.00]
Asthma categor~1                                                                                                1.17***      [1.11,1.24]      1.17***      [1.11,1.24]
Chronic Respir~0                                                                                                   1         [1.00,1.00]         1         [1.00,1.00]
Chronic Respir~1                                                                                                2.17***      [2.03,2.32]      2.17***      [2.03,2.32]
Chronic Cardia~0                                                                                                   1         [1.00,1.00]         1         [1.00,1.00]
Chronic Cardia~1                                                                                                1.35***      [1.28,1.44]      1.35***      [1.27,1.43]
No DM                                                                                                              1         [1.00,1.00]         1         [1.00,1.00]
T1DM                                                                                                            1.65***      [1.30,2.09]      1.65***      [1.30,2.10]
T2DM                                                                                                            1.24***      [1.12,1.36]      1.25***      [1.13,1.37]
UNKNOWN_DM                                                                                                      1.15*        [1.03,1.28]      1.15*        [1.03,1.28]
Cancer=0                                                                                                           1         [1.00,1.00]         1         [1.00,1.00]
Cancer=1                                                                                                        1.55***      [1.44,1.66]      1.54***      [1.43,1.64]
Chronic liver ~0                                                                                                   1         [1.00,1.00]         1         [1.00,1.00]
Chronic liver ~1                                                                                                2.21***      [1.87,2.61]      2.21***      [1.87,2.61]
Stroke=0                                                                                                           1         [1.00,1.00]         1         [1.00,1.00]
Stroke=1                                                                                                        1.32***      [1.21,1.44]      1.32***      [1.21,1.45]
Dementia=0                                                                                                         1         [1.00,1.00]         1         [1.00,1.00]
Dementia=1                                                                                                      1.17         [0.95,1.44]      1.22         [0.99,1.50]
Neurological d~0                                                                                                   1         [1.00,1.00]         1         [1.00,1.00]
Neurological d~1                                                                                                2.06***      [1.79,2.37]      2.08***      [1.80,2.40]
egfr >=60                                                                                                          1         [1.00,1.00]         1         [1.00,1.00]
eGFR <60                                                                                                        1.36***      [1.27,1.45]      1.36***      [1.27,1.45]
end stage rena~0                                                                                                   1         [1.00,1.00]         1         [1.00,1.00]
end stage rena~1                                                                                                3.40***      [2.58,4.48]      3.40***      [2.58,4.48]
Immunosuppress~=                                                                                                   1         [1.00,1.00]         1         [1.00,1.00]
Immunosuppress~=                                                                                                1.30*        [1.03,1.64]      1.29*        [1.03,1.63]
Autoimmune dis~0                                                                                                   1         [1.00,1.00]         1         [1.00,1.00]
Autoimmune dis~1                                                                                                1.10*        [1.01,1.19]      1.10*        [1.01,1.19]
1-2                                                                                                                                              1         [1.00,1.00]
3-5                                                                                                                                           0.79***      [0.75,0.84]
6-10                                                                                                                                          0.92         [0.84,1.02]
11+                                                                                                                                           0.45***      [0.36,0.55]
Unknown                                                                                                                                       0.89***      [0.83,0.95]
----------------------------------------------------------------------------------------------------------------------------------------------------------------------
N_sub                                                                                                                                                                 
----------------------------------------------------------------------------------------------------------------------------------------------------------------------
Exponentiated coefficients; 95% confidence intervals in brackets
* p<0.05, ** p<0.01, *** p<0.001
onscoviddeath
----------------------------------------------------------------------------------------------------------------------------------------------------------------------
                       (1)                           (2)                           (3)                           (4)                           (5)                    
                 outcome~h                     outcome~h                     outcome~h                     outcome~h                     outcome~h                    
----------------------------------------------------------------------------------------------------------------------------------------------------------------------
outcome onscov~h                                                                                                                                                      
White                    1         [1.00,1.00]         1         [1.00,1.00]         1         [1.00,1.00]         1         [1.00,1.00]         1         [1.00,1.00]
South Asian           0.89         [0.75,1.04]      1.85***      [1.55,2.21]      1.69***      [1.41,2.02]      1.70***      [1.40,2.06]      1.69***      [1.38,2.07]
Black                 0.52**       [0.33,0.83]      1.42         [0.86,2.35]      1.29         [0.78,2.13]      1.33         [0.80,2.22]      1.33         [0.80,2.21]
Mixed                 0.23***      [0.09,0.55]      1.07         [0.43,2.67]      1.00         [0.40,2.49]      0.93         [0.36,2.38]      0.92         [0.36,2.36]
Other                 0.43**       [0.23,0.80]      1.22         [0.63,2.36]      1.15         [0.60,2.24]      1.18         [0.59,2.34]      1.18         [0.59,2.33]
Unknown               0.87**       [0.78,0.97]      1.16*        [1.04,1.30]      1.17**       [1.05,1.31]      1.20**       [1.07,1.35]      1.21**       [1.07,1.36]
Sustainability~o         1         [1.00,1.00]         1         [1.00,1.00]         1         [1.00,1.00]         1         [1.00,1.00]         1         [1.00,1.00]
Sustainability~o      0.38         [0.05,2.79]      0.31         [0.03,3.36]      0.37         [0.03,4.04]      0.48         [0.05,4.68]      0.50         [0.05,4.84]
Sustainability~o      0.43         [0.06,3.16]      0.30         [0.03,3.26]      0.37         [0.03,4.05]      0.48         [0.05,4.75]      0.50         [0.05,4.93]
Sustainability~o      0.76         [0.10,5.59]      0.53         [0.05,5.76]      0.63         [0.06,6.89]      0.81         [0.08,8.00]      0.83         [0.08,8.21]
Sustainability~o      0.57         [0.08,4.23]      0.39         [0.04,4.24]      0.52         [0.05,5.71]      0.65         [0.06,6.53]      0.68         [0.07,6.77]
Sustainability~o      0.63         [0.09,4.58]      0.37         [0.03,3.95]      0.44         [0.04,4.75]      0.54         [0.05,5.26]      0.56         [0.06,5.43]
Sustainability~o      0.97         [0.13,7.48]      0.49         [0.04,5.53]      0.60         [0.05,6.82]      0.73         [0.07,7.61]      0.75         [0.07,7.81]
Sustainability~o      0.55         [0.08,4.01]      0.35         [0.03,3.77]      0.44         [0.04,4.78]      0.51         [0.05,5.05]      0.53         [0.05,5.19]
Sustainability~o      0.50         [0.07,3.69]      0.30         [0.03,3.32]      0.38         [0.03,4.15]      0.43         [0.04,4.26]      0.44         [0.04,4.35]
Sustainability~o      0.77         [0.11,5.61]      0.50         [0.05,5.32]      0.61         [0.06,6.65]      0.76         [0.08,7.46]      0.79         [0.08,7.69]
Sustainability~o      0.32         [0.04,2.35]      0.24         [0.02,2.63]      0.33         [0.03,3.57]      0.41         [0.04,4.04]      0.42         [0.04,4.16]
Sustainability~o      0.74         [0.10,5.44]      0.38         [0.03,4.09]      0.42         [0.04,4.59]      0.52         [0.05,5.12]      0.53         [0.05,5.28]
Sustainability~o      0.68         [0.09,4.97]      0.41         [0.04,4.45]      0.49         [0.04,5.33]      0.66         [0.07,6.46]      0.68         [0.07,6.67]
Sustainability~o      0.44         [0.06,3.26]      0.37         [0.03,4.08]      0.48         [0.04,5.34]      0.57         [0.06,5.71]      0.59         [0.06,5.91]
Sustainability~o      0.27         [0.04,2.06]      0.26         [0.02,2.95]      0.34         [0.03,3.80]      0.40         [0.04,4.11]      0.42         [0.04,4.30]
Sustainability~o      0.45         [0.06,3.37]      0.28         [0.03,3.08]      0.34         [0.03,3.83]      0.43         [0.04,4.35]      0.44         [0.04,4.48]
Sustainability~o      0.54         [0.07,4.06]      0.36         [0.03,3.94]      0.46         [0.04,5.12]      0.53         [0.05,5.35]      0.55         [0.05,5.54]
Sustainability~o      0.45         [0.06,3.35]      0.34         [0.03,3.77]      0.46         [0.04,5.06]      0.52         [0.05,5.25]      0.55         [0.05,5.45]
Sustainability~o      0.31         [0.04,2.36]      0.28         [0.03,3.10]      0.38         [0.03,4.29]      0.48         [0.05,4.89]      0.50         [0.05,5.10]
Sustainability~o      1.10         [0.15,7.99]      0.66         [0.06,7.12]      0.88         [0.08,9.53]      1.15        [0.12,11.30]      1.20        [0.12,11.76]
Sustainability~o      0.34         [0.05,2.53]      0.27         [0.02,2.92]      0.34         [0.03,3.72]      0.41         [0.04,4.09]      0.42         [0.04,4.21]
Sustainability~o      0.33         [0.04,3.02]      0.28         [0.02,3.77]      0.35         [0.03,4.74]      0.44         [0.04,5.37]      0.46         [0.04,5.60]
Sustainability~o      0.52         [0.07,3.85]      0.30         [0.03,3.35]      0.42         [0.04,4.69]      0.57         [0.06,5.70]      0.58         [0.06,5.83]
Sustainability~o      0.25         [0.02,4.05]      0.24         [0.01,5.50]      0.35         [0.02,8.07]      0.51        [0.02,10.89]      0.53        [0.02,11.35]
Sustainability~o     0.089         [0.01,1.45]     0.092         [0.00,2.05]      0.11         [0.00,2.49]      0.17         [0.01,3.64]      0.18         [0.01,3.70]
Sustainability~o      0.42         [0.06,3.14]      0.21         [0.02,2.34]      0.27         [0.02,3.03]      0.33         [0.03,3.34]      0.34         [0.03,3.46]
Sustainability~o      0.19         [0.02,1.46]      0.18         [0.02,2.07]      0.25         [0.02,2.88]      0.31         [0.03,3.20]      0.32         [0.03,3.28]
Sustainability~o      0.63         [0.09,4.67]      0.34         [0.03,3.69]      0.47         [0.04,5.17]      0.60         [0.06,5.94]      0.62         [0.06,6.20]
Sustainability~o      0.44         [0.06,3.35]      0.29         [0.03,3.27]      0.36         [0.03,4.05]      0.49         [0.05,5.01]      0.52         [0.05,5.24]
Sustainability~o      0.34         [0.04,2.63]      0.24         [0.02,2.77]      0.34         [0.03,3.92]      0.42         [0.04,4.38]      0.43         [0.04,4.53]
Sustainability~o         1         [1.00,1.00]         1         [1.00,1.00]         1         [1.00,1.00]         1         [1.00,1.00]         1         [1.00,1.00]
Sustainability~o      0.53         [0.07,3.88]      0.38         [0.04,4.02]      0.45         [0.04,4.84]      0.56         [0.06,5.52]      0.58         [0.06,5.70]
Female                                                 1         [1.00,1.00]         1         [1.00,1.00]         1         [1.00,1.00]         1         [1.00,1.00]
Male                                                1.95***      [1.77,2.15]      1.97***      [1.78,2.17]      1.79***      [1.61,1.98]      1.80***      [1.62,1.99]
Age spline 1                                        1.00         [0.94,1.07]      1.00         [0.94,1.07]      1.05         [0.98,1.12]      1.05         [0.98,1.12]
Age spline 2                                        1.56***      [1.34,1.81]      1.55***      [1.33,1.80]      1.31**       [1.11,1.53]      1.29**       [1.10,1.52]
Age spline 3                                        0.31***      [0.22,0.45]      0.32***      [0.22,0.46]      0.49***      [0.33,0.71]      0.50***      [0.34,0.72]
1 least deprived                                                                     1         [1.00,1.00]         1         [1.00,1.00]         1         [1.00,1.00]
2                                                                                 1.07         [0.90,1.27]      0.99         [0.83,1.18]      0.99         [0.83,1.18]
3                                                                                 1.26**       [1.07,1.49]      1.13         [0.96,1.35]      1.13         [0.95,1.34]
4                                                                                 1.49***      [1.27,1.75]      1.27**       [1.08,1.49]      1.27**       [1.08,1.49]
5 most deprived                                                                   1.61***      [1.38,1.88]      1.30**       [1.11,1.52]      1.30**       [1.11,1.52]
Underweig..5)                                                                                                      1         [1.00,1.00]         1         [1.00,1.00]
Normal (18.5-~9)                                                                                                0.58***      [0.43,0.80]      0.59***      [0.43,0.81]
Overweigh..9 ~4)                                                                                                0.49***      [0.36,0.67]      0.49***      [0.36,0.68]
Obese I (..9 ~4)                                                                                                0.59**       [0.43,0.81]      0.60**       [0.43,0.82]
Obese II ..9 ~4)                                                                                                0.66*        [0.47,0.93]      0.67*        [0.47,0.95]
Obese III..5+)                                                                                                  1.12         [0.77,1.62]      1.14         [0.78,1.65]
Unknown                                                                                                         0.70*        [0.49,0.99]      0.71         [0.50,1.00]
<6.5%                                                                                                              1         [1.00,1.00]         1         [1.00,1.00]
>=6.5-7.4                                                                                                       0.97         [0.80,1.17]      0.96         [0.80,1.16]
>=7.5-7.9                                                                                                       0.91         [0.68,1.21]      0.90         [0.67,1.21]
>=8-8.9                                                                                                         1.38*        [1.07,1.78]      1.38*        [1.07,1.78]
>=9                                                                                                             1.12         [0.86,1.47]      1.12         [0.85,1.47]
Unknown                                                                                                         1.09         [0.94,1.26]      1.08         [0.93,1.25]
Number of GP c~h                                                                                                1.01***      [1.01,1.01]      1.01***      [1.01,1.01]
Never                                                                                                              1         [1.00,1.00]         1         [1.00,1.00]
Former                                                                                                          1.38***      [1.23,1.55]      1.39***      [1.24,1.55]
Current                                                                                                         1.73***      [1.41,2.13]      1.73***      [1.41,2.12]
Diagnosed hype~0                                                                                                   1         [1.00,1.00]         1         [1.00,1.00]
Diagnosed hype~1                                                                                                1.10         [0.98,1.23]      1.10         [0.98,1.23]
Normal                                                                                                             1         [1.00,1.00]         1         [1.00,1.00]
Elevated                                                                                                        0.80**       [0.68,0.95]      0.80*        [0.68,0.95]
High, stage I                                                                                                   0.81**       [0.70,0.93]      0.81**       [0.70,0.94]
High, stage II                                                                                                  0.85*        [0.73,0.98]      0.85*        [0.74,0.99]
Unknown                                                                                                         0.84         [0.64,1.10]      0.85         [0.65,1.11]
Asthma categor~0                                                                                                   1         [1.00,1.00]         1         [1.00,1.00]
Asthma categor~1                                                                                                1.01         [0.88,1.15]      1.01         [0.89,1.15]
Chronic Respir~0                                                                                                   1         [1.00,1.00]         1         [1.00,1.00]
Chronic Respir~1                                                                                                1.72***      [1.53,1.93]      1.72***      [1.54,1.93]
Chronic Cardia~0                                                                                                   1         [1.00,1.00]         1         [1.00,1.00]
Chronic Cardia~1                                                                                                1.41***      [1.27,1.56]      1.41***      [1.27,1.56]
No DM                                                                                                              1         [1.00,1.00]         1         [1.00,1.00]
T1DM                                                                                                            2.27**       [1.39,3.73]      2.27**       [1.38,3.72]
T2DM                                                                                                            1.43***      [1.21,1.69]      1.44***      [1.22,1.69]
UNKNOWN_DM                                                                                                      1.02         [0.81,1.28]      1.02         [0.81,1.28]
Cancer=0                                                                                                           1         [1.00,1.00]         1         [1.00,1.00]
Cancer=1                                                                                                        1.41***      [1.25,1.58]      1.41***      [1.25,1.58]
Chronic liver ~0                                                                                                   1         [1.00,1.00]         1         [1.00,1.00]
Chronic liver ~1                                                                                                1.67**       [1.20,2.33]      1.66**       [1.19,2.30]
Stroke=0                                                                                                           1         [1.00,1.00]         1         [1.00,1.00]
Stroke=1                                                                                                        1.12         [0.97,1.29]      1.12         [0.97,1.28]
Dementia=0                                                                                                         1         [1.00,1.00]         1         [1.00,1.00]
Dementia=1                                                                                                      1.11         [0.84,1.46]      1.10         [0.84,1.45]
Neurological d~0                                                                                                   1         [1.00,1.00]         1         [1.00,1.00]
Neurological d~1                                                                                                2.22***      [1.77,2.77]      2.19***      [1.75,2.74]
egfr >=60                                                                                                          1         [1.00,1.00]         1         [1.00,1.00]
eGFR <60                                                                                                        1.52***      [1.36,1.70]      1.53***      [1.37,1.71]
end stage rena~0                                                                                                   1         [1.00,1.00]         1         [1.00,1.00]
end stage rena~1                                                                                                1.78*        [1.12,2.84]      1.77*        [1.11,2.82]
Immunosuppress~=                                                                                                   1         [1.00,1.00]         1         [1.00,1.00]
Immunosuppress~=                                                                                                1.92**       [1.24,2.98]      1.92**       [1.24,2.98]
Autoimmune dis~0                                                                                                   1         [1.00,1.00]         1         [1.00,1.00]
Autoimmune dis~1                                                                                                1.21*        [1.03,1.42]      1.21*        [1.03,1.42]
1-2                                                                                                                                              1         [1.00,1.00]
3-5                                                                                                                                           0.85*        [0.73,0.99]
6-10                                                                                                                                          1.13         [0.86,1.47]
11+                                                                                                                                           1.19         [0.87,1.64]
Unknown                                                                                                                                       0.86         [0.74,1.00]
----------------------------------------------------------------------------------------------------------------------------------------------------------------------
N_sub                                                                                                                                                                 
----------------------------------------------------------------------------------------------------------------------------------------------------------------------
Exponentiated coefficients; 95% confidence intervals in brackets
* p<0.05, ** p<0.01, *** p<0.001
ons_noncoviddeath
----------------------------------------------------------------------------------------------------------------------------------------------------------------------
                       (1)                           (2)                           (3)                           (4)                           (5)                    
                 outcome~h                     outcome~h                     outcome~h                     outcome~h                     outcome~h                    
----------------------------------------------------------------------------------------------------------------------------------------------------------------------
outcome ons_no~h                                                                                                                                                      
White                    1         [1.00,1.00]         1         [1.00,1.00]         1         [1.00,1.00]         1         [1.00,1.00]         1         [1.00,1.00]
South Asian           0.48*        [0.24,0.97]      0.95         [0.46,1.94]      0.89         [0.43,1.82]      1.08         [0.51,2.29]      1.18         [0.54,2.59]
Black                 0.65         [0.16,2.67]      1.42         [0.34,5.99]      1.33         [0.31,5.63]      1.68         [0.39,7.20]      1.72         [0.40,7.39]
Mixed                 0.56         [0.08,4.02]      2.18        [0.29,16.26]      2.07        [0.28,15.44]      2.32        [0.30,17.60]      2.41        [0.32,18.32]
Other                 0.50         [0.07,3.62]      1.37        [0.18,10.28]      1.33        [0.18,10.01]      1.55        [0.20,11.73]      1.58        [0.21,12.03]
Unknown               0.73         [0.49,1.11]      0.95         [0.63,1.45]      0.96         [0.64,1.46]      1.05         [0.69,1.61]      1.06         [0.69,1.62]
Sustainability~o         1         [1.00,1.00]         1         [1.00,1.00]         1         [1.00,1.00]         1         [1.00,1.00]         1         [1.00,1.00]
Sustainability~o      0.38**       [0.20,0.71]      0.45*        [0.24,0.84]      0.45*        [0.24,0.83]      0.42**       [0.22,0.80]      0.42**       [0.22,0.79]
Sustainability~o      0.28*        [0.10,0.80]      0.29*        [0.10,0.83]      0.30*        [0.10,0.85]      0.29*        [0.10,0.82]      0.28*        [0.10,0.81]
Sustainability~o      0.85         [0.33,2.22]      0.83         [0.32,2.18]      0.82         [0.31,2.14]      0.80         [0.30,2.13]      0.81         [0.31,2.16]
Sustainability~o      0.85         [0.26,2.80]      0.83         [0.25,2.77]      0.93         [0.28,3.11]      0.92         [0.27,3.10]      0.93         [0.27,3.12]
Sustainability~o      0.83         [0.46,1.50]      0.69         [0.38,1.26]      0.69         [0.38,1.25]      0.63         [0.34,1.17]      0.63         [0.34,1.16]
Sustainability~o         1         [1.00,1.00]         1         [1.00,1.00]         1         [1.00,1.00]         1         [1.00,1.00]         1         [1.00,1.00]
Sustainability~o      0.35*        [0.12,1.00]      0.31*        [0.11,0.89]      0.32*        [0.11,0.93]      0.30*        [0.10,0.88]      0.30*        [0.10,0.87]
Sustainability~o      0.54         [0.17,1.80]      0.48         [0.14,1.59]      0.49         [0.15,1.64]      0.44         [0.13,1.50]      0.44         [0.13,1.50]
Sustainability~o      0.30*        [0.10,0.84]      0.25*        [0.09,0.72]      0.26*        [0.09,0.74]      0.21**       [0.07,0.62]      0.21**       [0.07,0.62]
Sustainability~o      0.54         [0.22,1.31]      0.62         [0.25,1.54]      0.68         [0.28,1.70]      0.67         [0.27,1.67]      0.67         [0.27,1.67]
Sustainability~o      2.77**       [1.38,5.55]      1.92         [0.95,3.87]      1.78         [0.88,3.61]      1.65         [0.80,3.39]      1.61         [0.78,3.31]
Sustainability~o      1.25         [0.57,2.78]      1.04         [0.47,2.32]      1.04         [0.47,2.32]      1.07         [0.48,2.41]      1.09         [0.48,2.45]
Sustainability~o      1.02         [0.36,2.91]      1.24         [0.43,3.58]      1.32         [0.45,3.83]      1.05         [0.35,3.15]      1.06         [0.35,3.17]
Sustainability~o      0.54         [0.13,2.28]      0.80         [0.19,3.40]      0.84         [0.20,3.57]      0.69         [0.16,2.99]      0.69         [0.16,2.98]
Sustainability~o      0.87         [0.26,2.86]      0.75         [0.22,2.49]      0.75         [0.22,2.51]      0.72         [0.21,2.43]      0.70         [0.21,2.39]
Sustainability~o      1.07         [0.33,3.54]      1.00         [0.30,3.34]      1.06         [0.32,3.56]      1.00         [0.29,3.40]      1.00         [0.29,3.40]
Sustainability~o      0.87         [0.30,2.51]      0.93         [0.32,2.69]      1.02         [0.35,2.98]      0.97         [0.33,2.87]      0.99         [0.33,2.95]
Sustainability~o      0.45         [0.11,1.88]      0.63         [0.15,2.65]      0.70         [0.16,2.99]      0.64         [0.15,2.77]      0.64         [0.15,2.76]
Sustainability~o      0.17         [0.02,1.24]      0.13*        [0.02,0.98]      0.14         [0.02,1.06]      0.15         [0.02,1.10]      0.15         [0.02,1.10]
Sustainability~o      0.52         [0.18,1.49]      0.60         [0.20,1.80]      0.62         [0.21,1.86]      0.55         [0.18,1.68]      0.56         [0.18,1.69]
Sustainability~o         1         [1.00,1.00]         1         [1.00,1.00]         1         [1.00,1.00]         1         [1.00,1.00]         1         [1.00,1.00]
Sustainability~o      0.57         [0.13,2.39]      0.47         [0.11,2.01]      0.53         [0.12,2.27]      0.49         [0.11,2.15]      0.49         [0.11,2.13]
Sustainability~o         1         [1.00,1.00]         1         [1.00,1.00]         1         [1.00,1.00]         1         [1.00,1.00]         1         [1.00,1.00]
Sustainability~o         1         [1.00,1.00]         1         [1.00,1.00]         1         [1.00,1.00]         1         [1.00,1.00]         1         [1.00,1.00]
Sustainability~o      0.85         [0.26,2.81]      0.65         [0.19,2.17]      0.69         [0.20,2.30]      0.63         [0.18,2.15]      0.63         [0.18,2.16]
Sustainability~o      0.23         [0.03,1.71]      0.35         [0.05,2.61]      0.39         [0.05,2.94]      0.42         [0.06,3.14]      0.41         [0.06,3.10]
Sustainability~o      0.41         [0.10,1.74]      0.30         [0.07,1.27]      0.34         [0.08,1.46]      0.33         [0.08,1.43]      0.33         [0.08,1.41]
Sustainability~o         1         [1.00,1.00]         1         [1.00,1.00]         1         [1.00,1.00]         1         [1.00,1.00]         1         [1.00,1.00]
Sustainability~o      0.44         [0.06,3.27]      0.44         [0.06,3.25]      0.51         [0.07,3.80]      0.52         [0.07,3.96]      0.52         [0.07,3.91]
Sustainability~o         1         [1.00,1.00]         1         [1.00,1.00]         1         [1.00,1.00]         1         [1.00,1.00]         1         [1.00,1.00]
Sustainability~o         1         [1.00,1.00]         1         [1.00,1.00]         1         [1.00,1.00]         1         [1.00,1.00]         1         [1.00,1.00]
Female                                                 1         [1.00,1.00]         1         [1.00,1.00]         1         [1.00,1.00]         1         [1.00,1.00]
Male                                                1.03         [0.74,1.44]      1.03         [0.74,1.44]      0.94         [0.66,1.34]      0.95         [0.67,1.36]
Age spline 1                                        1.02         [0.90,1.16]      1.02         [0.90,1.16]      1.05         [0.91,1.20]      1.05         [0.91,1.20]
Age spline 2                                        1.21         [0.86,1.70]      1.20         [0.85,1.70]      1.07         [0.74,1.52]      1.06         [0.74,1.52]
Age spline 3                                        0.67         [0.29,1.56]      0.68         [0.29,1.58]      0.90         [0.38,2.17]      0.91         [0.38,2.20]
1 least deprived                                                                     1         [1.00,1.00]         1         [1.00,1.00]         1         [1.00,1.00]
2                                                                                 1.23         [0.66,2.31]      1.19         [0.63,2.24]      1.19         [0.63,2.25]
3                                                                                 1.47         [0.80,2.71]      1.43         [0.77,2.65]      1.43         [0.77,2.66]
4                                                                                 1.48         [0.81,2.68]      1.45         [0.79,2.66]      1.45         [0.79,2.66]
5 most deprived                                                                   1.65         [0.93,2.93]      1.49         [0.83,2.68]      1.50         [0.83,2.69]
Underweig..5)                                                                                                      1         [1.00,1.00]         1         [1.00,1.00]
Normal (18.5-~9)                                                                                                0.30***      [0.15,0.58]      0.30***      [0.15,0.58]
Overweigh..9 ~4)                                                                                                0.21***      [0.11,0.42]      0.21***      [0.11,0.42]
Obese I (..9 ~4)                                                                                                0.16***      [0.07,0.34]      0.16***      [0.07,0.34]
Obese II ..9 ~4)                                                                                                0.24**       [0.10,0.57]      0.24**       [0.10,0.58]
Obese III..5+)                                                                                                  0.22*        [0.07,0.73]      0.22*        [0.07,0.74]
Unknown                                                                                                         0.16***      [0.06,0.44]      0.16***      [0.06,0.44]
<6.5%                                                                                                              1         [1.00,1.00]         1         [1.00,1.00]
>=6.5-7.4                                                                                                       1.00         [0.51,1.94]      0.99         [0.51,1.93]
>=7.5-7.9                                                                                                       0.71         [0.20,2.48]      0.70         [0.20,2.48]
>=8-8.9                                                                                                         1.00         [0.35,2.83]      1.00         [0.35,2.83]
>=9                                                                                                             1.17         [0.41,3.32]      1.16         [0.41,3.29]
Unknown                                                                                                         0.87         [0.52,1.44]      0.86         [0.51,1.43]
Number of GP c~h                                                                                                1.01*        [1.00,1.02]      1.01*        [1.00,1.02]
Never                                                                                                              1         [1.00,1.00]         1         [1.00,1.00]
Former                                                                                                          1.45         [0.98,2.16]      1.45         [0.98,2.17]
Current                                                                                                         1.41         [0.68,2.93]      1.41         [0.68,2.94]
Diagnosed hype~0                                                                                                   1         [1.00,1.00]         1         [1.00,1.00]
Diagnosed hype~1                                                                                                1.16         [0.77,1.77]      1.17         [0.77,1.78]
Normal                                                                                                             1         [1.00,1.00]         1         [1.00,1.00]
Elevated                                                                                                        0.58         [0.31,1.08]      0.59         [0.31,1.10]
High, stage I                                                                                                   0.80         [0.49,1.30]      0.80         [0.49,1.31]
High, stage II                                                                                                  0.90         [0.56,1.46]      0.91         [0.56,1.47]
Unknown                                                                                                         0.83         [0.34,2.07]      0.84         [0.34,2.10]
Asthma categor~0                                                                                                   1         [1.00,1.00]         1         [1.00,1.00]
Asthma categor~1                                                                                                0.97         [0.60,1.57]      0.97         [0.60,1.57]
Chronic Respir~0                                                                                                   1         [1.00,1.00]         1         [1.00,1.00]
Chronic Respir~1                                                                                                1.18         [0.77,1.79]      1.18         [0.77,1.79]
Chronic Cardia~0                                                                                                   1         [1.00,1.00]         1         [1.00,1.00]
Chronic Cardia~1                                                                                                1.17         [0.80,1.71]      1.18         [0.81,1.72]
No DM                                                                                                              1         [1.00,1.00]         1         [1.00,1.00]
T1DM                                                                                                               1         [1.00,1.00]         1         [1.00,1.00]
T2DM                                                                                                            1.21         [0.68,2.13]      1.21         [0.68,2.14]
UNKNOWN_DM                                                                                                      0.88         [0.40,1.97]      0.88         [0.39,1.96]
Cancer=0                                                                                                           1         [1.00,1.00]         1         [1.00,1.00]
Cancer=1                                                                                                        3.33***      [2.33,4.75]      3.33***      [2.33,4.76]
Chronic liver ~0                                                                                                   1         [1.00,1.00]         1         [1.00,1.00]
Chronic liver ~1                                                                                                3.14*        [1.22,8.08]      3.16*        [1.23,8.13]
Stroke=0                                                                                                           1         [1.00,1.00]         1         [1.00,1.00]
Stroke=1                                                                                                        0.84         [0.50,1.43]      0.85         [0.50,1.43]
Dementia=0                                                                                                         1         [1.00,1.00]         1         [1.00,1.00]
Dementia=1                                                                                                      1.94         [0.94,4.01]      1.89         [0.91,3.94]
Neurological d~0                                                                                                   1         [1.00,1.00]         1         [1.00,1.00]
Neurological d~1                                                                                                1.28         [0.51,3.20]      1.27         [0.51,3.17]
egfr >=60                                                                                                          1         [1.00,1.00]         1         [1.00,1.00]
eGFR <60                                                                                                        1.32         [0.89,1.96]      1.33         [0.90,1.97]
end stage rena~0                                                                                                   1         [1.00,1.00]         1         [1.00,1.00]
end stage rena~1                                                                                                3.01        [0.68,13.35]      3.00        [0.67,13.33]
Immunosuppress~=                                                                                                   1         [1.00,1.00]         1         [1.00,1.00]
Immunosuppress~=                                                                                                0.68         [0.09,5.26]      0.68         [0.09,5.22]
Autoimmune dis~0                                                                                                   1         [1.00,1.00]         1         [1.00,1.00]
Autoimmune dis~1                                                                                                1.36         [0.80,2.33]      1.37         [0.80,2.34]
1-2                                                                                                                                              1         [1.00,1.00]
3-5                                                                                                                                           0.90         [0.52,1.54]
6-10                                                                                                                                          0.63         [0.19,2.14]
11+                                                                                                                                           1.48         [0.61,3.61]
Unknown                                                                                                                                       1.06         [0.63,1.79]
----------------------------------------------------------------------------------------------------------------------------------------------------------------------
N_sub                                                                                                                                                                 
----------------------------------------------------------------------------------------------------------------------------------------------------------------------
Exponentiated coefficients; 95% confidence intervals in brackets
* p<0.05, ** p<0.01, *** p<0.001
onsdeath
----------------------------------------------------------------------------------------------------------------------------------------------------------------------
                       (1)                           (2)                           (3)                           (4)                           (5)                    
                 outcome~h                     outcome~h                     outcome~h                     outcome~h                     outcome~h                    
----------------------------------------------------------------------------------------------------------------------------------------------------------------------
outcome onsdeath                                                                                                                                                      
White                    1         [1.00,1.00]         1         [1.00,1.00]         1         [1.00,1.00]         1         [1.00,1.00]         1         [1.00,1.00]
South Asian           0.85         [0.73,1.00]      1.78***      [1.50,2.12]      1.63***      [1.37,1.94]      1.67***      [1.38,2.01]      1.67***      [1.36,2.04]
Black                 0.53**       [0.34,0.83]      1.43         [0.89,2.32]      1.30         [0.80,2.11]      1.36         [0.84,2.22]      1.36         [0.84,2.22]
Mixed                 0.25***      [0.11,0.56]      1.19         [0.51,2.74]      1.11         [0.48,2.56]      1.05         [0.44,2.49]      1.04         [0.44,2.48]
Other                 0.43**       [0.24,0.78]      1.24         [0.66,2.34]      1.18         [0.62,2.23]      1.22         [0.63,2.36]      1.22         [0.63,2.36]
Unknown               0.86**       [0.78,0.95]      1.15*        [1.03,1.28]      1.16**       [1.04,1.29]      1.20**       [1.07,1.34]      1.20**       [1.07,1.35]
Sustainability~o         1         [1.00,1.00]         1         [1.00,1.00]         1         [1.00,1.00]         1         [1.00,1.00]         1         [1.00,1.00]
Sustainability~o      0.41         [0.06,2.97]      0.34         [0.03,3.58]      0.40         [0.04,4.31]      0.51         [0.05,4.97]      0.53         [0.06,5.12]
Sustainability~o      0.45         [0.06,3.29]      0.32         [0.03,3.39]      0.39         [0.04,4.22]      0.51         [0.05,4.93]      0.52         [0.05,5.08]
Sustainability~o      0.82         [0.11,5.98]      0.58         [0.05,6.21]      0.69         [0.06,7.44]      0.89         [0.09,8.64]      0.91         [0.09,8.84]
Sustainability~o      0.62         [0.08,4.61]      0.43         [0.04,4.67]      0.57         [0.05,6.30]      0.73         [0.07,7.17]      0.75         [0.08,7.41]
Sustainability~o      0.68         [0.09,4.95]      0.40         [0.04,4.30]      0.48         [0.04,5.17]      0.59         [0.06,5.71]      0.61         [0.06,5.87]
Sustainability~o      0.98         [0.13,7.52]      0.49         [0.04,5.50]      0.60         [0.05,6.80]      0.74         [0.07,7.57]      0.75         [0.07,7.72]
Sustainability~o      0.57         [0.08,4.17]      0.36         [0.03,3.91]      0.46         [0.04,4.97]      0.54         [0.06,5.24]      0.55         [0.06,5.37]
Sustainability~o      0.53         [0.07,3.93]      0.33         [0.03,3.54]      0.41         [0.04,4.44]      0.46         [0.05,4.56]      0.47         [0.05,4.64]
Sustainability~o      0.79         [0.11,5.76]      0.51         [0.05,5.44]      0.63         [0.06,6.80]      0.78         [0.08,7.57]      0.81         [0.08,7.78]
Sustainability~o      0.35         [0.05,2.59]      0.27         [0.03,2.91]      0.36         [0.03,3.96]      0.46         [0.05,4.46]      0.47         [0.05,4.58]
Sustainability~o      0.90         [0.12,6.60]      0.47         [0.04,5.05]      0.52         [0.05,5.67]      0.65         [0.07,6.31]      0.67         [0.07,6.47]
Sustainability~o      0.76         [0.10,5.52]      0.46         [0.04,4.99]      0.55         [0.05,5.98]      0.74         [0.08,7.23]      0.77         [0.08,7.45]
Sustainability~o      0.50         [0.07,3.71]      0.43         [0.04,4.71]      0.56         [0.05,6.17]      0.66         [0.07,6.57]      0.68         [0.07,6.78]
Sustainability~o      0.30         [0.04,2.30]      0.30         [0.03,3.33]      0.38         [0.03,4.30]      0.45         [0.04,4.59]      0.47         [0.05,4.78]
Sustainability~o      0.50         [0.07,3.75]      0.31         [0.03,3.44]      0.39         [0.03,4.28]      0.49         [0.05,4.86]      0.50         [0.05,4.98]
Sustainability~o      0.61         [0.08,4.55]      0.41         [0.04,4.46]      0.52         [0.05,5.80]      0.61         [0.06,6.06]      0.63         [0.06,6.24]
Sustainability~o      0.50         [0.07,3.73]      0.39         [0.04,4.23]      0.52         [0.05,5.68]      0.60         [0.06,5.91]      0.62         [0.06,6.11]
Sustainability~o      0.34         [0.05,2.56]      0.31         [0.03,3.39]      0.42         [0.04,4.70]      0.53         [0.05,5.33]      0.56         [0.06,5.54]
Sustainability~o      1.11         [0.15,8.09]      0.67         [0.06,7.19]      0.89         [0.08,9.64]      1.18        [0.12,11.43]      1.22        [0.13,11.86]
Sustainability~o      0.37         [0.05,2.76]      0.30         [0.03,3.20]      0.37         [0.03,4.07]      0.45         [0.05,4.44]      0.47         [0.05,4.56]
Sustainability~o      0.34         [0.04,3.06]      0.29         [0.02,3.82]      0.36         [0.03,4.79]      0.44         [0.04,5.36]      0.46         [0.04,5.56]
Sustainability~o      0.55         [0.07,4.11]      0.33         [0.03,3.57]      0.45         [0.04,5.01]      0.61         [0.06,6.02]      0.62         [0.06,6.13]
Sustainability~o      0.25         [0.02,4.06]      0.24         [0.01,5.53]      0.36         [0.02,8.13]      0.52        [0.02,11.04]      0.54        [0.03,11.46]
Sustainability~o     0.090         [0.01,1.45]     0.091         [0.00,2.02]      0.11         [0.00,2.44]      0.17         [0.01,3.56]      0.17         [0.01,3.60]
Sustainability~o      0.47         [0.06,3.51]      0.24         [0.02,2.64]      0.31         [0.03,3.42]      0.38         [0.04,3.76]      0.39         [0.04,3.88]
Sustainability~o      0.20         [0.03,1.57]      0.20         [0.02,2.22]      0.27         [0.02,3.10]      0.34         [0.03,3.46]      0.35         [0.03,3.54]
Sustainability~o      0.66         [0.09,4.86]      0.35         [0.03,3.81]      0.49         [0.04,5.35]      0.62         [0.06,6.14]      0.65         [0.07,6.37]
Sustainability~o      0.44         [0.06,3.36]      0.29         [0.03,3.26]      0.36         [0.03,4.05]      0.49         [0.05,4.97]      0.51         [0.05,5.18]
Sustainability~o      0.37         [0.05,2.83]      0.26         [0.02,2.97]      0.37         [0.03,4.21]      0.46         [0.04,4.71]      0.47         [0.05,4.85]
Sustainability~o         1         [1.00,1.00]         1         [1.00,1.00]         1         [1.00,1.00]         1         [1.00,1.00]         1         [1.00,1.00]
Sustainability~o      0.60         [0.08,4.33]      0.42         [0.04,4.52]      0.51         [0.05,5.45]      0.65         [0.07,6.23]      0.67         [0.07,6.41]
Female                                                 1         [1.00,1.00]         1         [1.00,1.00]         1         [1.00,1.00]         1         [1.00,1.00]
Male                                                1.88***      [1.71,2.07]      1.89***      [1.72,2.08]      1.72***      [1.56,1.90]      1.73***      [1.57,1.91]
Age spline 1                                        1.00         [0.95,1.06]      1.00         [0.95,1.06]      1.04         [0.98,1.11]      1.04         [0.98,1.11]
Age spline 2                                        1.52***      [1.33,1.75]      1.51***      [1.32,1.74]      1.29***      [1.11,1.48]      1.27***      [1.10,1.47]
Age spline 3                                        0.34***      [0.24,0.47]      0.34***      [0.25,0.48]      0.51***      [0.37,0.72]      0.52***      [0.37,0.74]
1 least deprived                                                                     1         [1.00,1.00]         1         [1.00,1.00]         1         [1.00,1.00]
2                                                                                 1.08         [0.92,1.28]      1.00         [0.85,1.19]      1.00         [0.85,1.19]
3                                                                                 1.28**       [1.09,1.51]      1.16         [0.98,1.36]      1.15         [0.98,1.36]
4                                                                                 1.50***      [1.28,1.75]      1.28**       [1.09,1.50]      1.28**       [1.09,1.50]
5 most deprived                                                                   1.63***      [1.40,1.89]      1.31***      [1.12,1.53]      1.31***      [1.12,1.53]
Underweig..5)                                                                                                      1         [1.00,1.00]         1         [1.00,1.00]
Normal (18.5-~9)                                                                                                0.50***      [0.37,0.67]      0.51***      [0.38,0.68]
Overweigh..9 ~4)                                                                                                0.41***      [0.31,0.55]      0.42***      [0.31,0.56]
Obese I (..9 ~4)                                                                                                0.48***      [0.36,0.65]      0.49***      [0.36,0.66]
Obese II ..9 ~4)                                                                                                0.55***      [0.40,0.77]      0.56***      [0.40,0.78]
Obese III..5+)                                                                                                  0.91         [0.64,1.30]      0.93         [0.65,1.32]
Unknown                                                                                                         0.57***      [0.41,0.79]      0.58**       [0.41,0.80]
<6.5%                                                                                                              1         [1.00,1.00]         1         [1.00,1.00]
>=6.5-7.4                                                                                                       0.97         [0.80,1.16]      0.96         [0.80,1.16]
>=7.5-7.9                                                                                                       0.89         [0.67,1.18]      0.89         [0.66,1.18]
>=8-8.9                                                                                                         1.36*        [1.06,1.75]      1.36*        [1.06,1.75]
>=9                                                                                                             1.12         [0.86,1.46]      1.12         [0.86,1.46]
Unknown                                                                                                         1.07         [0.93,1.24]      1.07         [0.92,1.23]
Number of GP c~h                                                                                                1.01***      [1.01,1.01]      1.01***      [1.01,1.01]
Never                                                                                                              1         [1.00,1.00]         1         [1.00,1.00]
Former                                                                                                          1.40***      [1.25,1.56]      1.40***      [1.25,1.57]
Current                                                                                                         1.72***      [1.41,2.10]      1.72***      [1.41,2.10]
Diagnosed hype~0                                                                                                   1         [1.00,1.00]         1         [1.00,1.00]
Diagnosed hype~1                                                                                                1.11         [0.99,1.24]      1.11         [0.99,1.24]
Normal                                                                                                             1         [1.00,1.00]         1         [1.00,1.00]
Elevated                                                                                                        0.78**       [0.66,0.92]      0.78**       [0.66,0.92]
High, stage I                                                                                                   0.80**       [0.70,0.92]      0.80**       [0.70,0.93]
High, stage II                                                                                                  0.85*        [0.74,0.98]      0.85*        [0.74,0.98]
Unknown                                                                                                         0.84         [0.64,1.08]      0.85         [0.65,1.10]
Asthma categor~0                                                                                                   1         [1.00,1.00]         1         [1.00,1.00]
Asthma categor~1                                                                                                1.01         [0.88,1.14]      1.01         [0.89,1.15]
Chronic Respir~0                                                                                                   1         [1.00,1.00]         1         [1.00,1.00]
Chronic Respir~1                                                                                                1.69***      [1.51,1.89]      1.69***      [1.51,1.89]
Chronic Cardia~0                                                                                                   1         [1.00,1.00]         1         [1.00,1.00]
Chronic Cardia~1                                                                                                1.40***      [1.26,1.55]      1.39***      [1.26,1.55]
No DM                                                                                                              1         [1.00,1.00]         1         [1.00,1.00]
T1DM                                                                                                            2.09**       [1.27,3.43]      2.08**       [1.27,3.41]
T2DM                                                                                                            1.43***      [1.22,1.68]      1.43***      [1.22,1.68]
UNKNOWN_DM                                                                                                      1.01         [0.81,1.25]      1.01         [0.81,1.25]
Cancer=0                                                                                                           1         [1.00,1.00]         1         [1.00,1.00]
Cancer=1                                                                                                        1.53***      [1.37,1.71]      1.53***      [1.37,1.72]
Chronic liver ~0                                                                                                   1         [1.00,1.00]         1         [1.00,1.00]
Chronic liver ~1                                                                                                1.79***      [1.30,2.46]      1.77***      [1.29,2.43]
Stroke=0                                                                                                           1         [1.00,1.00]         1         [1.00,1.00]
Stroke=1                                                                                                        1.10         [0.95,1.26]      1.09         [0.95,1.25]
Dementia=0                                                                                                         1         [1.00,1.00]         1         [1.00,1.00]
Dementia=1                                                                                                      1.18         [0.91,1.53]      1.17         [0.90,1.53]
Neurological d~0                                                                                                   1         [1.00,1.00]         1         [1.00,1.00]
Neurological d~1                                                                                                2.17***      [1.74,2.70]      2.15***      [1.72,2.67]
egfr >=60                                                                                                          1         [1.00,1.00]         1         [1.00,1.00]
eGFR <60                                                                                                        1.52***      [1.37,1.70]      1.53***      [1.37,1.70]
end stage rena~0                                                                                                   1         [1.00,1.00]         1         [1.00,1.00]
end stage rena~1                                                                                                1.86**       [1.18,2.93]      1.85**       [1.18,2.91]
Immunosuppress~=                                                                                                   1         [1.00,1.00]         1         [1.00,1.00]
Immunosuppress~=                                                                                                1.79**       [1.16,2.77]      1.80**       [1.17,2.77]
Autoimmune dis~0                                                                                                   1         [1.00,1.00]         1         [1.00,1.00]
Autoimmune dis~1                                                                                                1.22*        [1.05,1.43]      1.23*        [1.05,1.43]
1-2                                                                                                                                              1         [1.00,1.00]
3-5                                                                                                                                           0.85*        [0.74,0.98]
6-10                                                                                                                                          1.09         [0.84,1.42]
11+                                                                                                                                           1.23         [0.90,1.66]
Unknown                                                                                                                                       0.87         [0.75,1.01]
----------------------------------------------------------------------------------------------------------------------------------------------------------------------
N_sub                                                                                                                                                                 
----------------------------------------------------------------------------------------------------------------------------------------------------------------------
Exponentiated coefficients; 95% confidence intervals in brackets
* p<0.05, ** p<0.01, *** p<0.001
