Table 0: Outcome qui counts by ethnic group
	Total	1	2	3	4	5	6
Main population: no care homes
N	 1.76e+07 (100.0)	 1.13e+07 (100.0)	  1059978 (100.0)	  355,264 (100.0)	  179,332 (100.0)	  334,383 (100.0)	  4401095 (100.0)	

tested	  1411028 (8.0)	  919,586 (8.1)	   90,689 (8.6)	   24,213 (6.8)	   14,089 (7.9)	   17,427 (5.2)	  345,024 (7.8)	
positivetest	  215,541 (1.2)	  129,837 (1.1)	   22,468 (2.1)	    3,416 (1.0)	    2,191 (1.2)	    2,483 (0.7)	   55,146 (1.3)	
hes	   14,360 (0.1)	    9,234 (0.1)	    1,556 (0.1)	      276 (0.1)	      100 (0.1)	      151 (0.0)	    3,043 (0.1)	
onscoviddeath	    2,443 (0.0)	    1,587 (0.0)	      219 (0.0)	       26 (0.0)	        8 (0.0)	       15 (0.0)	      588 (0.0)	
ons_noncoviddeath	   27,147 (0.2)	   18,275 (0.2)	      601 (0.1)	      224 (0.1)	       96 (0.1)	      107 (0.0)	    7,844 (0.2)	
onsdeath	   29,590 (0.2)	   19,862 (0.2)	      820 (0.1)	      250 (0.1)	      104 (0.1)	      122 (0.0)	    8,432 (0.2)	
any_resp_support_flag	        0 (0.0)	        0 (0.0)	        0 (0.0)	        0 (0.0)	        0 (0.0)	        0 (0.0)	        0 (0.0)	
basic_resp_support_flag	        0 (0.0)	        0 (0.0)	        0 (0.0)	        0 (0.0)	        0 (0.0)	        0 (0.0)	        0 (0.0)	
advanced_resp_support_flag	        0 (0.0)	        0 (0.0)	        0 (0.0)	        0 (0.0)	        0 (0.0)	        0 (0.0)	        0 (0.0)	
Care home population
N	   64,352 (100.0)	   46,872 (100.0)	      606 (100.0)	      535 (100.0)	      222 (100.0)	      314 (100.0)	   15,803 (100.0)	

tested	    5,664 (8.8)	    4,209 (9.0)	       63 (10.4)	       37 (6.9)	       23 (10.4)	       22 (7.0)	    1,310 (8.3)	
positivetest	    2,308 (3.6)	    1,747 (3.7)	       29 (4.8)	       13 (2.4)	        7 (3.2)	        8 (2.5)	      504 (3.2)	
hes	      360 (0.6)	      269 (0.6)	        7 (1.2)	        4 (0.7)	        3 (1.4)	        1 (0.3)	       76 (0.5)	
onscoviddeath	      361 (0.6)	      269 (0.6)	        9 (1.5)	        1 (0.2)	        1 (0.5)	        1 (0.3)	       80 (0.5)	
ons_noncoviddeath	    3,322 (5.2)	    2,391 (5.1)	       15 (2.5)	       12 (2.2)	        3 (1.4)	        4 (1.3)	      897 (5.7)	
onsdeath	    3,683 (5.7)	    2,660 (5.7)	       24 (4.0)	       13 (2.4)	        4 (1.8)	        5 (1.6)	      977 (6.2)	
any_resp_support_flag	        0 (0.0)	        0 (0.0)	        0 (0.0)	        0 (0.0)	        0 (0.0)	        0 (0.0)	        0 (0.0)	
basic_resp_support_flag	        0 (0.0)	        0 (0.0)	        0 (0.0)	        0 (0.0)	        0 (0.0)	        0 (0.0)	        0 (0.0)	
advanced_resp_support_flag	        0 (0.0)	        0 (0.0)	        0 (0.0)	        0 (0.0)	        0 (0.0)	        0 (0.0)	        0 (0.0)	
