Table 1: Demographic and Clinical Characteristics- Care Home Population
	Total	White	South Asian	Black	Mixed	Other	Unknown

1	   71,886 (100.0)	   52,251 (100.0)	      644 (100.0)	      551 (100.0)	      232 (100.0)	      329 (100.0)	   17,879 (100.0)	

Age (years)
Mean (SD)	82.6 (13.8)	82.4 (13.6)	65.7 (20.8)	63.1 (22.5)	62.2 (23.7)	66.9 (23.9)	84.8 (12.1)	
Median (IQR)	86.0 (78.0-91.0)	86.0 (78.0-91.0)	70.0 (48.5-83.0)	65.0 (45.0-83.0)	67.0 (41.5-82.5)	74.0 (46.0-87.0)	87.0 (81.0-92.0)	

Male
0	   49,995 (69.5)	   36,179 (69.2)	      338 (52.5)	      272 (49.4)	      117 (50.4)	      204 (62.0)	   12,885 (72.1)	
1	   21,891 (30.5)	   16,072 (30.8)	      306 (47.5)	      279 (50.6)	      115 (49.6)	      125 (38.0)	    4,994 (27.9)	

Index of Multiple Deprivation (IMD)
1	   14,322 (19.9)	   10,082 (19.3)	       69 (10.7)	       26 (4.7)	       18 (7.8)	       51 (15.5)	    4,076 (22.8)	
2	   14,405 (20.0)	   10,497 (20.1)	       58 (9.0)	       47 (8.5)	       47 (20.3)	       52 (15.8)	    3,704 (20.7)	
3	   16,107 (22.4)	   11,613 (22.2)	      122 (18.9)	      177 (32.1)	       61 (26.3)	      103 (31.3)	    4,031 (22.5)	
4	   14,758 (20.5)	   10,788 (20.6)	      206 (32.0)	      128 (23.2)	       48 (20.7)	       68 (20.7)	    3,520 (19.7)	
5	   12,294 (17.1)	    9,271 (17.7)	      189 (29.3)	      173 (31.4)	       58 (25.0)	       55 (16.7)	    2,548 (14.3)	

# people in household
Mean (SD)	23.0 (39.8)	22.7 (37.9)	27.1 (66.5)	72.7 (157.2)	48.6 (120.1)	42.4 (106.4)	21.3 (28.0)	
Median (IQR)	17.0 (4.0-31.0)	17.0 (4.0-32.0)	13.0 (3.0-26.0)	18.0 (4.0-45.0)	17.0 (3.0-39.5)	16.0 (3.0-33.0)	17.0 (4.0-31.0)	

Number of people in household
.	        0 (0.0)	        0 (0.0)	        0 (0.0)	        0 (0.0)	        0 (0.0)	        0 (0.0)	        0 (0.0)	
.	        0 (0.0)	        0 (0.0)	        0 (0.0)	        0 (0.0)	        0 (0.0)	        0 (0.0)	        0 (0.0)	
.	        0 (0.0)	        0 (0.0)	        0 (0.0)	        0 (0.0)	        0 (0.0)	        0 (0.0)	        0 (0.0)	
.	        0 (0.0)	        0 (0.0)	        0 (0.0)	        0 (0.0)	        0 (0.0)	        0 (0.0)	        0 (0.0)	
5	   71,886 (100.0)	   52,251 (100.0)	      644 (100.0)	      551 (100.0)	      232 (100.0)	      329 (100.0)	   17,879 (100.0)	
.	        0 (0.0)	        0 (0.0)	        0 (0.0)	        0 (0.0)	        0 (0.0)	        0 (0.0)	        0 (0.0)	
.	        0 (0.0)	        0 (0.0)	        0 (0.0)	        0 (0.0)	        0 (0.0)	        0 (0.0)	        0 (0.0)	
.	        0 (0.0)	        0 (0.0)	        0 (0.0)	        0 (0.0)	        0 (0.0)	        0 (0.0)	        0 (0.0)	
.	        0 (0.0)	        0 (0.0)	        0 (0.0)	        0 (0.0)	        0 (0.0)	        0 (0.0)	        0 (0.0)	
.	        0 (0.0)	        0 (0.0)	        0 (0.0)	        0 (0.0)	        0 (0.0)	        0 (0.0)	        0 (0.0)	

Number of GP consultations in the 12 months prior to baseline
Mean (SD)	11.1 (14.3)	11.6 (14.7)	12.6 (18.0)	9.6 (20.4)	9.7 (13.8)	10.6 (18.3)	9.8 (12.2)	
Median (IQR)	7.0 (2.0-15.0)	7.0 (3.0-15.0)	6.0 (2.0-15.0)	5.0 (0.0-12.0)	5.0 (1.0-12.0)	4.0 (0.0-15.0)	6.0 (2.0-13.0)	

Smoking status (missing set to non)
1	   32,519 (45.2)	   22,452 (43.0)	      447 (69.4)	      300 (54.4)	      112 (48.3)	      152 (46.2)	    9,056 (50.7)	
2	   34,777 (48.4)	   26,313 (50.4)	      126 (19.6)	      156 (28.3)	       84 (36.2)	      114 (34.7)	    7,984 (44.7)	
3	    4,590 (6.4)	    3,486 (6.7)	       71 (11.0)	       95 (17.2)	       36 (15.5)	       63 (19.1)	      839 (4.7)	

Body Mass Index (BMI, kg/m2)
Mean (SD)	25.0 (5.6)	25.1 (5.6)	25.1 (5.4)	26.2 (6.2)	26.4 (5.7)	25.2 (5.7)	24.7 (5.5)	
Median (IQR)	24.2 (21.0-28.2)	24.3 (21.0-28.3)	24.6 (21.2-28.2)	25.3 (22.1-29.7)	26.1 (22.2-29.7)	24.2 (21.3-28.4)	24.0 (20.8-27.8)	

BMI with SA categories
1	    6,078 (8.5)	    4,439 (8.5)	       45 (7.0)	       41 (7.4)	       10 (4.3)	       23 (7.0)	    1,520 (8.5)	
2	   28,832 (40.1)	   21,507 (41.2)	      182 (28.3)	      194 (35.2)	       79 (34.1)	      139 (42.2)	    6,731 (37.6)	
3	   17,352 (24.1)	   12,948 (24.8)	      164 (25.5)	      134 (24.3)	       63 (27.2)	       81 (24.6)	    3,962 (22.2)	
4	    7,522 (10.5)	    5,674 (10.9)	      111 (17.2)	       67 (12.2)	       32 (13.8)	       32 (9.7)	    1,606 (9.0)	
5	    2,501 (3.5)	    1,914 (3.7)	       39 (6.1)	       30 (5.4)	       15 (6.5)	        9 (2.7)	      494 (2.8)	
6	    1,065 (1.5)	      807 (1.5)	       16 (2.5)	       20 (3.6)	        3 (1.3)	        6 (1.8)	      213 (1.2)	
7	    8,536 (11.9)	    4,962 (9.5)	       87 (13.5)	       65 (11.8)	       30 (12.9)	       39 (11.9)	    3,353 (18.8)	

HbA1c %
Mean (SD)	6.0 (1.1)	6.0 (1.1)	6.3 (1.2)	6.3 (1.3)	6.4 (1.5)	6.2 (1.3)	6.0 (1.0)	
Median (IQR)	5.8 (5.4-6.2)	5.7 (5.4-6.2)	6.0 (5.5-6.8)	6.0 (5.5-6.5)	5.9 (5.5-6.5)	5.8 (5.5-6.5)	5.8 (5.4-6.2)	

HbA1c mmo/mol
Mean (SD)	42.3 (11.5)	42.3 (11.5)	45.4 (13.4)	45.4 (13.9)	46.0 (16.0)	44.3 (14.0)	42.2 (11.2)	
Median (IQR)	39.9 (36.0-44.0)	39.0 (36.0-44.0)	42.0 (37.0-51.0)	42.0 (37.0-48.0)	41.0 (37.0-48.0)	40.0 (37.0-47.0)	39.9 (36.0-44.0)	

HbA1c category
0	   41,098 (57.2)	   30,478 (58.3)	      314 (48.8)	      246 (44.6)	       97 (41.8)	      147 (44.7)	    9,816 (54.9)	
1	    4,955 (6.9)	    3,656 (7.0)	       79 (12.3)	       55 (10.0)	       21 (9.1)	       26 (7.9)	    1,118 (6.3)	
2	    1,220 (1.7)	      918 (1.8)	       28 (4.3)	       12 (2.2)	        6 (2.6)	       10 (3.0)	      246 (1.4)	
3	    1,354 (1.9)	      986 (1.9)	       23 (3.6)	       17 (3.1)	        4 (1.7)	        4 (1.2)	      320 (1.8)	
4	    1,431 (2.0)	    1,037 (2.0)	       23 (3.6)	       16 (2.9)	        9 (3.9)	       10 (3.0)	      336 (1.9)	
5	   21,828 (30.4)	   15,176 (29.0)	      177 (27.5)	      205 (37.2)	       95 (40.9)	      132 (40.1)	    6,043 (33.8)	

Systolic BP
Mean (SD)	127.4 (18.3)	127.4 (18.2)	125.3 (16.7)	127.9 (17.8)	125.6 (16.3)	125.4 (17.5)	127.6 (18.7)	
Median (IQR)	127.0 (115.0-139.0)	127.0 (115.0-139.0)	125.0 (112.0-136.0)	128.0 (117.0-138.0)	126.0 (113.0-137.0)	125.0 (113.0-136.0)	128.0 (115.0-140.0)	

Diastolic BP
Mean (SD)	72.8 (11.2)	72.8 (11.2)	74.1 (10.7)	75.4 (11.1)	74.8 (10.5)	73.3 (11.6)	72.7 (11.3)	
Median (IQR)	72.0 (65.0-80.0)	72.0 (65.0-80.0)	75.0 (67.0-81.0)	76.0 (68.0-81.0)	74.0 (69.0-81.0)	74.0 (67.0-80.0)	72.0 (65.0-80.0)	

Blood pressure four levels non-missing
1	   19,446 (27.1)	   14,143 (27.1)	      176 (27.3)	      118 (21.4)	       67 (28.9)	       84 (25.5)	    4,858 (27.2)	
2	   11,704 (16.3)	    8,603 (16.5)	       84 (13.0)	       77 (14.0)	       29 (12.5)	       49 (14.9)	    2,862 (16.0)	
3	   18,844 (26.2)	   13,819 (26.4)	      188 (29.2)	      135 (24.5)	       60 (25.9)	       70 (21.3)	    4,572 (25.6)	
4	   18,041 (25.1)	   13,072 (25.0)	      113 (17.5)	      122 (22.1)	       47 (20.3)	       61 (18.5)	    4,626 (25.9)	
5	    3,851 (5.4)	    2,614 (5.0)	       83 (12.9)	       99 (18.0)	       29 (12.5)	       65 (19.8)	      961 (5.4)	

Diabetes Type
0	   54,940 (76.4)	   39,703 (76.0)	      380 (59.0)	      346 (62.8)	      164 (70.7)	      245 (74.5)	   14,102 (78.9)	
1	      431 (0.6)	      326 (0.6)	        2 (0.3)	        5 (0.9)	        1 (0.4)	        3 (0.9)	       94 (0.5)	
2	   13,493 (18.8)	    9,964 (19.1)	      226 (35.1)	      171 (31.0)	       57 (24.6)	       62 (18.8)	    3,013 (16.9)	
3	    3,022 (4.2)	    2,258 (4.3)	       36 (5.6)	       29 (5.3)	       10 (4.3)	       19 (5.8)	      670 (3.7)	

Count of co-morbid conditions
Mean (SD)	1.8 (1.3)	1.8 (1.3)	1.3 (1.3)	1.3 (1.3)	1.3 (1.4)	1.2 (1.3)	1.7 (1.2)	
Median (IQR)	2.0 (1.0-3.0)	2.0 (1.0-3.0)	1.0 (0.0-2.0)	1.0 (0.0-2.0)	1.0 (0.0-2.0)	1.0 (0.0-2.0)	2.0 (1.0-2.0)	

Diagnosed hypertension	   43,665 (60.7)	   32,206 (61.6)	      287 (44.6)	      265 (48.1)	       90 (38.8)	      147 (44.7)	   10,670 (59.7)	


Chronic Cardiac Diseases	   20,083 (27.9)	   14,906 (28.5)	      127 (19.7)	       87 (15.8)	       44 (19.0)	       63 (19.1)	    4,856 (27.2)	


Stroke	   15,031 (20.9)	   11,111 (21.3)	      102 (15.8)	       97 (17.6)	       41 (17.7)	       54 (16.4)	    3,626 (20.3)	


CKD defined by egfr<60	   26,404 (36.7)	   19,188 (36.7)	      147 (22.8)	      108 (19.6)	       44 (19.0)	       65 (19.8)	    6,852 (38.3)	


end stage renal failure	      124 (0.2)	       91 (0.2)	        2 (0.3)	        3 (0.5)	        0 (0.0)	        0 (0.0)	       28 (0.2)	


Cancer	   10,554 (14.7)	    7,765 (14.9)	       38 (5.9)	       44 (8.0)	       19 (8.2)	       28 (8.5)	    2,660 (14.9)	


Autoimmune disease	    5,073 (7.1)	    3,779 (7.2)	       31 (4.8)	       23 (4.2)	        3 (1.3)	       19 (5.8)	    1,218 (6.8)	


Immunosuppressed (perm or temp)	      274 (0.4)	      201 (0.4)	        5 (0.8)	       13 (2.4)	        2 (0.9)	        0 (0.0)	       53 (0.3)	


Chronic liver disease	      873 (1.2)	      656 (1.3)	       10 (1.6)	       16 (2.9)	        3 (1.3)	        3 (0.9)	      185 (1.0)	


Dementia	    9,437 (13.1)	    6,950 (13.3)	       47 (7.3)	       51 (9.3)	       19 (8.2)	       26 (7.9)	    2,344 (13.1)	


Neurological disease	    6,232 (8.7)	    4,628 (8.9)	       61 (9.5)	       41 (7.4)	       30 (12.9)	       14 (4.3)	    1,458 (8.2)	


Asthma category	    7,707 (10.7)	    5,788 (11.1)	       90 (14.0)	       51 (9.3)	       33 (14.2)	       28 (8.5)	    1,717 (9.6)	


Chronic Respiratory Diseases	    9,199 (12.8)	    6,992 (13.4)	       56 (8.7)	       31 (5.6)	       22 (9.5)	       29 (8.8)	    2,069 (11.6)	


BP med in last 12 months	       70 (0.1)	       48 (0.1)	        2 (0.3)	        0 (0.0)	        0 (0.0)	        2 (0.6)	       18 (0.1)	

Statin in last 12 months	   22,762 (31.7)	   17,070 (32.7)	      239 (37.1)	      162 (29.4)	       59 (25.4)	       95 (28.9)	    5,137 (28.7)	

Insulin in last 12 months	    2,771 (3.9)	    2,031 (3.9)	       52 (8.1)	       40 (7.3)	       15 (6.5)	       16 (4.9)	      617 (3.5)	

Diabetes type (Exeter definition)
0	   58,028 (80.7)	   41,982 (80.3)	      418 (64.9)	      380 (69.0)	      176 (75.9)	      265 (80.5)	   14,807 (82.8)	
1	      286 (0.4)	      214 (0.4)	        1 (0.2)	        2 (0.4)	        1 (0.4)	        2 (0.6)	       66 (0.4)	
2	   13,572 (18.9)	   10,055 (19.2)	      225 (34.9)	      169 (30.7)	       55 (23.7)	       62 (18.8)	    3,006 (16.8)	

