Table 2: Association between ethnicity in 5 categories and COVID-19 outcomes - No care homes
	Denominator	Event	Total person-weeks	Rate per 1,000	Crude		Age/Sex Adjusted		Age/Sex/IMD Adjusted		plus co-morbidities		plus hh size		
					HR	95% CI	HR	95% CI	HR	95% CI	HR	95% CI	HR	95% CI		
tested
White	52251	4556	   2069685	2.20	1.00		1.00		1.00		1.00		1.00
South Asian	644	67	     25538	2.62	1.50	(1.17 - 1.91)	1.31	(1.03 - 1.68)	1.28	(1.00 - 1.63)	1.27	(0.99 - 1.63)	1.27	(0.99 - 1.63)
Black	551	37	     22000	1.68	1.01	(0.73 - 1.41)	0.93	(0.67 - 1.29)	0.90	(0.65 - 1.25)	0.90	(0.64 - 1.24)	0.90	(0.64 - 1.24)
Mixed	232	26	      9178	2.83	1.66	(1.13 - 2.45)	1.47	(1.00 - 2.17)	1.45	(0.98 - 2.14)	1.42	(0.96 - 2.10)	1.42	(0.96 - 2.10)
Other	329	22	     13153	1.67	0.96	(0.63 - 1.45)	0.87	(0.57 - 1.32)	0.87	(0.57 - 1.33)	0.87	(0.57 - 1.33)	0.87	(0.57 - 1.33)
Unknown	17879	1458	    707596	2.06	0.95	(0.90 - 1.01)	0.97	(0.91 - 1.03)	0.97	(0.92 - 1.03)	0.97	(0.92 - 1.03)	0.97	(0.92 - 1.03)
positivetest
White	52251	1994	   2084817	0.96	1.00		1.00		1.00		1.00		1.00
South Asian	644	32	     25752	1.24	1.54	(1.08 - 2.20)	1.82	(1.27 - 2.60)	1.73	(1.21 - 2.47)	1.74	(1.22 - 2.50)	1.74	(1.22 - 2.50)
Black	551	15	     22118	0.68	0.93	(0.56 - 1.55)	1.04	(0.62 - 1.74)	1.01	(0.61 - 1.69)	1.01	(0.60 - 1.68)	1.01	(0.60 - 1.68)
Mixed	232	7	      9295	0.75	1.09	(0.52 - 2.29)	1.27	(0.60 - 2.68)	1.26	(0.60 - 2.66)	1.22	(0.58 - 2.57)	1.22	(0.58 - 2.57)
Other	329	7	     13225	0.53	0.79	(0.38 - 1.67)	0.90	(0.43 - 1.89)	0.89	(0.42 - 1.87)	0.89	(0.42 - 1.88)	0.89	(0.42 - 1.88)
Unknown	17879	587	    712822	0.82	0.96	(0.87 - 1.05)	0.94	(0.86 - 1.03)	0.94	(0.86 - 1.03)	0.97	(0.88 - 1.06)	0.97	(0.88 - 1.06)
hes
White	52251	323	   2089413	0.15	1.00		1.00		1.00		1.00		1.00
South Asian	644	7	     25818	0.27	1.77	(0.83 - 3.78)	1.96	(0.91 - 4.22)	1.80	(0.83 - 3.88)	1.77	(0.82 - 3.84)	1.77	(0.82 - 3.84)
Black	551	.	     22135	  .	1.49	(0.61 - 3.64)	1.60	(0.66 - 3.92)	1.51	(0.62 - 3.68)	1.49	(0.61 - 3.65)	1.49	(0.61 - 3.65)
Mixed	232	.	      9306	  .	2.55	(0.81 - 7.99)	2.85	(0.91 - 8.98)	2.79	(0.89 - 8.79)	2.79	(0.88 - 8.80)	2.79	(0.88 - 8.80)
Other	329	.	     13239	  .	0.66	(0.09 - 4.73)	0.80	(0.11 - 5.74)	0.78	(0.11 - 5.58)	0.74	(0.10 - 5.30)	0.74	(0.10 - 5.30)
Unknown	17879	97	    714146	0.14	1.01	(0.80 - 1.27)	1.02	(0.81 - 1.28)	1.03	(0.82 - 1.29)	1.06	(0.84 - 1.33)	1.06	(0.84 - 1.33)
onscoviddeath
White	52251	305	   2090134	0.15	1.00		1.00		1.00		1.00		1.00
South Asian	644	10	     25844	0.39	2.90	(1.52 - 5.51)	4.41	(2.29 - 8.49)	3.93	(2.03 - 7.61)	4.07	(2.09 - 7.95)	4.07	(2.09 - 7.95)
Black	551	.	     22141	  .	0.78	(0.19 - 3.15)	1.06	(0.26 - 4.30)	0.99	(0.24 - 4.00)	1.01	(0.25 - 4.11)	1.01	(0.25 - 4.11)
Mixed	232	.	      9316	  .	1.04	(0.15 - 7.47)	1.50	(0.21 - 10.72)	1.47	(0.21 - 10.52)	1.45	(0.20 - 10.40)	1.45	(0.20 - 10.40)
Other	329	.	     13240	  .	0.74	(0.10 - 5.30)	1.05	(0.15 - 7.53)	1.02	(0.14 - 7.30)	1.00	(0.14 - 7.15)	1.00	(0.14 - 7.15)
Unknown	17879	99	    714350	0.14	1.11	(0.89 - 1.40)	1.05	(0.84 - 1.33)	1.06	(0.85 - 1.34)	1.11	(0.88 - 1.39)	1.11	(0.88 - 1.39)
ons_noncoviddeath
White	52251	2917	   2090134	1.40	1.00		1.00		1.00		1.00		1.00
South Asian	644	15	     25844	0.58	0.46	(0.28 - 0.77)	0.73	(0.44 - 1.22)	0.72	(0.43 - 1.20)	0.70	(0.42 - 1.18)	0.70	(0.42 - 1.18)
Black	551	13	     22141	0.59	0.52	(0.30 - 0.90)	0.79	(0.45 - 1.36)	0.78	(0.45 - 1.35)	0.79	(0.46 - 1.37)	0.79	(0.46 - 1.37)
Mixed	232	.	      9316	  .	0.35	(0.13 - 0.94)	0.58	(0.22 - 1.54)	0.58	(0.22 - 1.55)	0.62	(0.23 - 1.64)	0.62	(0.23 - 1.64)
Other	329	.	     13240	  .	0.31	(0.13 - 0.75)	0.43	(0.18 - 1.03)	0.43	(0.18 - 1.03)	0.41	(0.17 - 1.00)	0.41	(0.17 - 1.00)
Unknown	17879	1155	    714350	1.62	1.15	(1.07 - 1.23)	1.08	(1.01 - 1.16)	1.08	(1.01 - 1.16)	1.10	(1.03 - 1.18)	1.10	(1.03 - 1.18)
onsdeath
White	52251	3222	   2090134	1.54	1.00		1.00		1.00		1.00		1.00
South Asian	644	25	     25844	0.97	0.70	(0.47 - 1.04)	1.10	(0.74 - 1.64)	1.07	(0.72 - 1.60)	1.05	(0.70 - 1.57)	1.05	(0.70 - 1.57)
Black	551	15	     22141	0.68	0.54	(0.33 - 0.90)	0.82	(0.49 - 1.36)	0.81	(0.48 - 1.34)	0.82	(0.49 - 1.36)	0.82	(0.49 - 1.36)
Mixed	232	.	      9316	  .	0.41	(0.17 - 0.98)	0.66	(0.27 - 1.58)	0.66	(0.27 - 1.59)	0.70	(0.29 - 1.68)	0.70	(0.29 - 1.68)
Other	329	6	     13240	0.45	0.34	(0.15 - 0.77)	0.47	(0.21 - 1.06)	0.47	(0.21 - 1.05)	0.46	(0.21 - 1.03)	0.46	(0.21 - 1.03)
Unknown	17879	1254	    714350	1.76	1.15	(1.07 - 1.22)	1.08	(1.01 - 1.15)	1.08	(1.01 - 1.16)	1.10	(1.03 - 1.18)	1.10	(1.03 - 1.18)
