Table 1: Demographic and Clinical Characteristics- No care omes
	Total	White	South Asian	Black	Mixed	Other	Unknown

1	 1.76e+07 (100.0)	 1.13e+07 (100.0)	  1059978 (100.0)	  355,264 (100.0)	  179,332 (100.0)	  334,383 (100.0)	  4401095 (100.0)	

Age (years)
Mean (SD)	49.6 (18.6)	51.4 (18.2)	43.1 (15.4)	43.9 (15.6)	40.1 (14.9)	40.6 (15.0)	48.1 (20.0)	
Median (IQR)	49.0 (34.0-64.0)	51.0 (36.0-66.0)	41.0 (32.0-52.0)	43.0 (32.0-54.0)	38.0 (28.0-50.0)	38.0 (29.0-49.0)	48.0 (30.0-63.0)	

Male
0	  8817368 (50.0)	  5868796 (51.9)	  508,747 (48.0)	  177,075 (49.8)	   92,215 (51.4)	  164,039 (49.1)	  2006496 (45.6)	
1	  8821796 (50.0)	  5440316 (48.1)	  551,231 (52.0)	  178,189 (50.2)	   87,117 (48.6)	  170,344 (50.9)	  2394599 (54.4)	

Index of Multiple Deprivation (IMD)
1	  3596233 (20.4)	  2427933 (21.5)	   93,466 (8.8)	   24,127 (6.8)	   23,864 (13.3)	   45,093 (13.5)	  981,750 (22.3)	
2	  3538311 (20.1)	  2384943 (21.1)	  121,443 (11.5)	   36,684 (10.3)	   28,981 (16.2)	   57,805 (17.3)	  908,455 (20.6)	
3	  3601808 (20.4)	  2340623 (20.7)	  201,129 (19.0)	   58,995 (16.6)	   34,845 (19.4)	   65,566 (19.6)	  900,650 (20.5)	
4	  3531637 (20.0)	  2175457 (19.2)	  304,625 (28.7)	   94,748 (26.7)	   42,283 (23.6)	   81,980 (24.5)	  832,544 (18.9)	
5	  3371175 (19.1)	  1980156 (17.5)	  339,315 (32.0)	  140,710 (39.6)	   49,359 (27.5)	   83,939 (25.1)	  777,696 (17.7)	

# people in household
Mean (SD)	4.2 (43.0)	3.9 (43.6)	6.2 (42.7)	4.5 (30.1)	7.3 (59.8)	15.3 (103.4)	3.5 (32.4)	
Median (IQR)	2.0 (1.0-4.0)	2.0 (1.0-3.0)	4.0 (2.0-6.0)	3.0 (1.0-5.0)	3.0 (1.0-4.0)	3.0 (1.0-5.0)	2.0 (1.0-4.0)	

Number of people in household
1	  7663213 (43.4)	  5395732 (47.7)	  218,013 (20.6)	  122,900 (34.6)	   65,969 (36.8)	  123,579 (37.0)	  1737020 (39.5)	
2	  6356411 (36.0)	  3935874 (34.8)	  447,266 (42.2)	  142,423 (40.1)	   73,749 (41.1)	  124,051 (37.1)	  1633048 (37.1)	
3	  1031490 (5.8)	  464,357 (4.1)	  229,715 (21.7)	   53,387 (15.0)	   19,177 (10.7)	   41,807 (12.5)	  223,047 (5.1)	
4	  171,276 (1.0)	   74,324 (0.7)	   42,703 (4.0)	    6,648 (1.9)	    3,558 (2.0)	   14,470 (4.3)	   29,573 (0.7)	
.	        0 (0.0)	        0 (0.0)	        0 (0.0)	        0 (0.0)	        0 (0.0)	        0 (0.0)	        0 (0.0)	
.	        0 (0.0)	        0 (0.0)	        0 (0.0)	        0 (0.0)	        0 (0.0)	        0 (0.0)	        0 (0.0)	
.	        0 (0.0)	        0 (0.0)	        0 (0.0)	        0 (0.0)	        0 (0.0)	        0 (0.0)	        0 (0.0)	
.	        0 (0.0)	        0 (0.0)	        0 (0.0)	        0 (0.0)	        0 (0.0)	        0 (0.0)	        0 (0.0)	
9	  2416774 (13.7)	  1438825 (12.7)	  122,281 (11.5)	   29,906 (8.4)	   16,879 (9.4)	   30,476 (9.1)	  778,407 (17.7)	
.	        0 (0.0)	        0 (0.0)	        0 (0.0)	        0 (0.0)	        0 (0.0)	        0 (0.0)	        0 (0.0)	

Number of GP consultations in the 12 months prior to baseline
Mean (SD)	5.4 (8.3)	5.9 (8.8)	5.4 (8.3)	5.0 (8.1)	4.9 (8.5)	3.5 (7.1)	4.3 (6.7)	
Median (IQR)	3.0 (0.0-7.0)	3.0 (1.0-8.0)	3.0 (0.0-7.0)	2.0 (0.0-7.0)	2.0 (0.0-6.0)	0.0 (0.0-4.0)	2.0 (0.0-6.0)	

Smoking status (missing set to non)
1	  8872156 (50.3)	  5095519 (45.1)	  778,633 (73.5)	  243,640 (68.6)	  101,836 (56.8)	  216,798 (64.8)	  2435730 (55.3)	
2	  5788988 (32.8)	  4207187 (37.2)	  165,087 (15.6)	   66,021 (18.6)	   41,996 (23.4)	   61,810 (18.5)	  1246887 (28.3)	
3	  2978020 (16.9)	  2006406 (17.7)	  116,258 (11.0)	   45,603 (12.8)	   35,500 (19.8)	   55,775 (16.7)	  718,478 (16.3)	

Body Mass Index (BMI, kg/m2)
Mean (SD)	27.4 (5.7)	27.5 (5.7)	26.6 (5.2)	28.0 (5.7)	26.8 (5.7)	25.3 (5.1)	27.7 (5.9)	
Median (IQR)	26.6 (23.4-30.5)	26.6 (23.4-30.6)	26.0 (23.0-29.4)	27.3 (24.0-31.2)	25.8 (22.7-29.8)	24.5 (21.6-28.0)	26.8 (23.4-31.0)	

BMI with SA categories
1	  303,756 (1.7)	  188,082 (1.7)	   26,854 (2.5)	    5,194 (1.5)	    3,984 (2.2)	   11,919 (3.6)	   67,723 (1.5)	
2	  4639779 (26.3)	  3330012 (29.4)	  179,317 (16.9)	   83,916 (23.6)	   55,984 (31.2)	  123,244 (36.9)	  867,306 (19.7)	
3	  4716271 (26.7)	  3313044 (29.3)	  319,734 (30.2)	  100,110 (28.2)	   44,515 (24.8)	   74,445 (22.3)	  864,423 (19.6)	
4	  2491299 (14.1)	  1688687 (14.9)	  218,139 (20.6)	   56,874 (16.0)	   21,603 (12.0)	   28,452 (8.5)	  477,544 (10.9)	
5	  967,035 (5.5)	  656,814 (5.8)	   73,362 (6.9)	   22,261 (6.3)	    8,165 (4.6)	    8,743 (2.6)	  197,690 (4.5)	
6	  485,310 (2.8)	  333,376 (2.9)	   29,590 (2.8)	   10,676 (3.0)	    4,281 (2.4)	    3,671 (1.1)	  103,716 (2.4)	
7	  4035714 (22.9)	  1799097 (15.9)	  212,982 (20.1)	   76,233 (21.5)	   40,800 (22.8)	   83,909 (25.1)	  1822693 (41.4)	

HbA1c %
Mean (SD)	5.9 (1.0)	5.9 (1.0)	6.1 (1.2)	6.0 (1.2)	5.9 (1.1)	5.8 (1.0)	5.9 (1.1)	
Median (IQR)	5.6 (5.4-6.0)	5.6 (5.4-6.0)	5.8 (5.4-6.3)	5.7 (5.4-6.2)	5.6 (5.4-6.0)	5.6 (5.4-6.0)	5.6 (5.4-6.0)	

HbA1c mmo/mol
Mean (SD)	41.0 (70.6)	40.6 (64.0)	43.9 (120.2)	42.4 (13.6)	41.1 (129.5)	40.3 (10.8)	41.2 (70.8)	
Median (IQR)	38.0 (35.0-42.0)	38.0 (35.0-42.0)	40.0 (36.0-45.0)	39.0 (36.0-44.0)	38.0 (35.0-42.0)	38.0 (35.0-42.0)	38.0 (35.0-43.0)	

HbA1c category
0	  6726339 (38.1)	  4653098 (41.1)	  428,832 (40.5)	  130,499 (36.7)	   56,504 (31.5)	   95,544 (28.6)	  1361862 (30.9)	
1	  588,375 (3.3)	  366,410 (3.2)	   65,258 (6.2)	   15,469 (4.4)	    4,639 (2.6)	    7,940 (2.4)	  128,659 (2.9)	
2	  157,995 (0.9)	   99,074 (0.9)	   17,357 (1.6)	    3,516 (1.0)	    1,178 (0.7)	    1,921 (0.6)	   34,949 (0.8)	
3	  171,423 (1.0)	  108,280 (1.0)	   18,515 (1.7)	    3,715 (1.0)	    1,292 (0.7)	    2,022 (0.6)	   37,599 (0.9)	
4	  197,881 (1.1)	  124,077 (1.1)	   21,729 (2.0)	    5,806 (1.6)	    1,796 (1.0)	    2,334 (0.7)	   42,139 (1.0)	
5	  9797151 (55.5)	  5958173 (52.7)	  508,287 (48.0)	  196,259 (55.2)	  113,923 (63.5)	  224,622 (67.2)	  2795887 (63.5)	

Systolic BP
Mean (SD)	128.0 (15.6)	128.4 (15.4)	123.9 (15.3)	127.2 (16.0)	124.0 (15.3)	122.6 (15.4)	128.8 (15.9)	
Median (IQR)	128.0 (118.0-138.0)	129.0 (119.0-138.0)	124.0 (113.0-134.0)	127.0 (117.0-137.0)	123.0 (113.0-134.0)	122.0 (111.0-132.0)	130.0 (119.0-139.0)	

Diastolic BP
Mean (SD)	76.9 (9.9)	76.9 (9.8)	76.7 (9.7)	78.2 (10.3)	76.7 (10.2)	75.9 (9.9)	76.8 (10.0)	
Median (IQR)	78.0 (70.0-82.0)	78.0 (70.0-82.0)	77.0 (70.0-82.0)	78.0 (71.0-84.0)	77.0 (70.0-83.0)	76.0 (70.0-82.0)	78.0 (70.0-82.0)	

Blood pressure four levels non-missing
1	  2587629 (14.7)	  1700204 (15.0)	  205,518 (19.4)	   55,805 (15.7)	   32,637 (18.2)	   56,873 (17.0)	  536,592 (12.2)	
2	  1784854 (10.1)	  1228992 (10.9)	   98,035 (9.2)	   32,185 (9.1)	   15,780 (8.8)	   23,491 (7.0)	  386,371 (8.8)	
3	  4235975 (24.0)	  2921128 (25.8)	  241,604 (22.8)	   82,108 (23.1)	   35,672 (19.9)	   54,172 (16.2)	  901,291 (20.5)	
4	  2925691 (16.6)	  2023460 (17.9)	  120,942 (11.4)	   54,476 (15.3)	   19,112 (10.7)	   26,706 (8.0)	  680,995 (15.5)	
5	  6105015 (34.6)	  3435328 (30.4)	  393,879 (37.2)	  130,690 (36.8)	   76,131 (42.5)	  173,141 (51.8)	  1895846 (43.1)	

Diabetes Type
0	 1.59e+07 (90.0)	 1.02e+07 (90.3)	  861,293 (81.3)	  303,826 (85.5)	  163,820 (91.4)	  307,114 (91.8)	  4029442 (91.6)	
1	   92,133 (0.5)	   64,164 (0.6)	    2,748 (0.3)	    1,470 (0.4)	      699 (0.4)	      687 (0.2)	   22,365 (0.5)	
2	  1254884 (7.1)	  784,289 (6.9)	  139,426 (13.2)	   32,889 (9.3)	   10,063 (5.6)	   16,532 (4.9)	  271,685 (6.2)	
3	  409,570 (2.3)	  243,577 (2.2)	   56,511 (5.3)	   17,079 (4.8)	    4,750 (2.6)	   10,050 (3.0)	   77,603 (1.8)	

Count of co-morbid conditions
Mean (SD)	0.6 (0.9)	0.7 (0.9)	0.4 (0.8)	0.5 (0.8)	0.4 (0.7)	0.3 (0.6)	0.6 (0.9)	
Median (IQR)	0.0 (0.0-1.0)	0.0 (0.0-1.0)	0.0 (0.0-1.0)	0.0 (0.0-1.0)	0.0 (0.0-1.0)	0.0 (0.0-0.0)	0.0 (0.0-1.0)	

Diagnosed hypertension	  3711699 (21.0)	  2530012 (22.4)	  176,381 (16.6)	   71,476 (20.1)	   21,420 (11.9)	   32,946 (9.9)	  879,464 (20.0)	


Chronic Cardiac Diseases	  1188332 (6.7)	  828,853 (7.3)	   53,878 (5.1)	   11,282 (3.2)	    4,916 (2.7)	    8,396 (2.5)	  281,007 (6.4)	


Stroke	  367,131 (2.1)	  257,018 (2.3)	   12,444 (1.2)	    4,405 (1.2)	    1,528 (0.9)	    2,247 (0.7)	   89,489 (2.0)	


CKD defined by egfr<60	  980,671 (5.6)	  677,258 (6.0)	   28,283 (2.7)	   15,508 (4.4)	    3,916 (2.2)	    4,918 (1.5)	  250,788 (5.7)	


end stage renal failure	   25,074 (0.1)	   15,034 (0.1)	    2,393 (0.2)	      871 (0.2)	      220 (0.1)	      363 (0.1)	    6,193 (0.1)	


Cancer	  978,092 (5.5)	  707,976 (6.3)	   20,088 (1.9)	    9,403 (2.6)	    3,851 (2.1)	    6,903 (2.1)	  229,871 (5.2)	


Autoimmune disease	  897,623 (5.1)	  635,934 (5.6)	   38,066 (3.6)	    7,097 (2.0)	    5,151 (2.9)	    7,763 (2.3)	  203,612 (4.6)	


Immunosuppressed (perm or temp)	   93,374 (0.5)	   56,001 (0.5)	    4,573 (0.4)	   10,183 (2.9)	    2,175 (1.2)	    1,484 (0.4)	   18,958 (0.4)	


Chronic liver disease	  106,157 (0.6)	   72,468 (0.6)	    5,820 (0.5)	    3,185 (0.9)	      950 (0.5)	    2,540 (0.8)	   21,194 (0.5)	


Dementia	   31,820 (0.2)	   21,886 (0.2)	    1,156 (0.1)	      504 (0.1)	      102 (0.1)	      184 (0.1)	    7,988 (0.2)	


Neurological disease	  168,798 (1.0)	  118,981 (1.1)	    5,796 (0.5)	    1,986 (0.6)	      907 (0.5)	    1,209 (0.4)	   39,919 (0.9)	


Asthma category	  2715321 (15.4)	  1861778 (16.5)	  129,044 (12.2)	   38,827 (10.9)	   27,131 (15.1)	   23,358 (7.0)	  635,183 (14.4)	


Chronic Respiratory Diseases	  712,107 (4.0)	  537,518 (4.8)	   17,436 (1.6)	    5,084 (1.4)	    2,344 (1.3)	    3,605 (1.1)	  146,120 (3.3)	


BP med in last 12 months	   28,740 (0.2)	   18,063 (0.2)	    2,139 (0.2)	    1,047 (0.3)	      272 (0.2)	      424 (0.1)	    6,795 (0.2)	

Statin in last 12 months	  2940558 (16.7)	  2036401 (18.0)	  175,095 (16.5)	   35,338 (9.9)	   13,286 (7.4)	   25,054 (7.5)	  655,384 (14.9)	

Insulin in last 12 months	  261,077 (1.5)	  172,370 (1.5)	   19,494 (1.8)	    5,932 (1.7)	    1,954 (1.1)	    2,408 (0.7)	   58,919 (1.3)	

Diabetes type (Exeter definition)
0	 1.63e+07 (92.4)	 1.05e+07 (92.5)	  919,224 (86.7)	  321,207 (90.4)	  168,664 (94.1)	  317,374 (94.9)	  4110097 (93.4)	
1	   83,151 (0.5)	   57,772 (0.5)	    2,621 (0.2)	    1,242 (0.3)	      642 (0.4)	      613 (0.2)	   20,261 (0.5)	
2	  1254934 (7.1)	  786,827 (7.0)	  138,133 (13.0)	   32,815 (9.2)	   10,026 (5.6)	   16,396 (4.9)	  270,737 (6.2)	

