Table 2: Association between ethnicity in 5 categories and COVID-19 outcomes - No care homes
	Denominator	Event	Total person-weeks	Rate per 1,000	Crude		Age/Sex Adjusted		Age/Sex/IMD Adjusted		plus co-morbidities		plus hh size		
					HR	95% CI	HR	95% CI	HR	95% CI	HR	95% CI	HR	95% CI		
tested
White	11309112	919586	 451358025	2.04	1.00		1.00		1.00		1.00		1.00
South Asian	1059978	90689	  42283963	2.14	1.06	(1.05 - 1.07)	0.98	(0.97 - 0.99)	0.99	(0.98 - 1.00)	0.99	(0.98 - 0.99)	0.99	(0.98 - 1.00)
Black	355264	24213	  14199067	1.71	0.86	(0.85 - 0.87)	0.81	(0.80 - 0.82)	0.81	(0.80 - 0.83)	0.83	(0.82 - 0.85)	0.84	(0.83 - 0.85)
Mixed	179332	14089	   7159459	1.97	1.00	(0.99 - 1.02)	0.88	(0.87 - 0.90)	0.89	(0.87 - 0.90)	0.91	(0.89 - 0.92)	0.91	(0.90 - 0.93)
Other	334383	17427	  13388573	1.30	0.67	(0.66 - 0.68)	0.60	(0.59 - 0.60)	0.60	(0.59 - 0.61)	0.66	(0.65 - 0.67)	0.67	(0.66 - 0.68)
Unknown	4401095	345024	 175719881	1.96	0.97	(0.97 - 0.98)	0.93	(0.93 - 0.94)	0.93	(0.93 - 0.94)	1.00	(1.00 - 1.01)	1.00	(1.00 - 1.00)
positivetest
White	11309112	129837	 455128649	0.29	1.00		1.00		1.00		1.00		1.00
South Asian	1059978	22468	  42621417	0.53	1.75	(1.72 - 1.77)	1.55	(1.53 - 1.58)	1.57	(1.54 - 1.59)	1.42	(1.40 - 1.44)	1.38	(1.36 - 1.40)
Black	355264	3416	  14299439	0.24	0.90	(0.87 - 0.93)	0.80	(0.77 - 0.83)	0.81	(0.78 - 0.84)	0.76	(0.74 - 0.79)	0.76	(0.73 - 0.79)
Mixed	179332	2191	   7216739	0.30	1.17	(1.12 - 1.22)	0.96	(0.92 - 1.00)	0.96	(0.92 - 1.00)	0.96	(0.92 - 1.00)	0.96	(0.92 - 1.00)
Other	334383	2483	  13462233	0.18	0.71	(0.68 - 0.74)	0.60	(0.58 - 0.62)	0.60	(0.58 - 0.63)	0.63	(0.61 - 0.66)	0.63	(0.61 - 0.66)
Unknown	4401095	55146	 177090139	0.31	1.14	(1.13 - 1.15)	1.03	(1.02 - 1.04)	1.03	(1.02 - 1.04)	1.06	(1.05 - 1.07)	1.05	(1.04 - 1.06)
hes
White	11309112	9234	 455477723	0.02	1.00		1.00		1.00		1.00		1.00
South Asian	1059978	1556	  42693134	0.04	1.66	(1.57 - 1.75)	2.74	(2.59 - 2.90)	2.36	(2.22 - 2.50)	2.07	(1.95 - 2.20)	1.94	(1.82 - 2.06)
Black	355264	276	  14309937	0.02	1.00	(0.88 - 1.13)	1.58	(1.40 - 1.79)	1.31	(1.16 - 1.48)	1.30	(1.15 - 1.47)	1.27	(1.13 - 1.44)
Mixed	179332	100	   7223704	0.01	0.75	(0.61 - 0.91)	1.52	(1.24 - 1.85)	1.37	(1.12 - 1.67)	1.40	(1.15 - 1.71)	1.38	(1.13 - 1.69)
Other	334383	151	  13469728	0.01	0.61	(0.52 - 0.72)	1.18	(1.01 - 1.39)	1.09	(0.92 - 1.28)	1.26	(1.07 - 1.48)	1.23	(1.04 - 1.45)
Unknown	4401095	3043	 177253321	0.02	0.89	(0.85 - 0.93)	0.99	(0.95 - 1.03)	0.99	(0.95 - 1.03)	1.10	(1.06 - 1.15)	1.10	(1.05 - 1.15)
onscoviddeath
White	11309112	1587	 455503287	0.00	1.00		1.00		1.00		1.00		1.00
South Asian	1059978	219	  42698386	0.01	1.46	(1.26 - 1.69)	3.55	(3.06 - 4.13)	2.93	(2.52 - 3.41)	2.75	(2.35 - 3.22)	2.31	(1.95 - 2.73)
Black	355264	26	  14310904	0.00	0.56	(0.38 - 0.83)	1.28	(0.86 - 1.89)	1.01	(0.68 - 1.50)	1.04	(0.70 - 1.54)	1.01	(0.68 - 1.50)
Mixed	179332	8	   7224013	0.00	0.35	(0.18 - 0.71)	1.35	(0.67 - 2.71)	1.18	(0.59 - 2.37)	1.22	(0.61 - 2.46)	1.19	(0.59 - 2.39)
Other	334383	15	  13470234	0.00	0.37	(0.22 - 0.62)	1.22	(0.73 - 2.03)	1.11	(0.66 - 1.85)	1.27	(0.76 - 2.12)	1.21	(0.72 - 2.02)
Unknown	4401095	588	 177261769	0.00	0.99	(0.90 - 1.09)	1.09	(0.99 - 1.20)	1.11	(1.00 - 1.22)	1.22	(1.11 - 1.35)	1.23	(1.11 - 1.35)
ons_noncoviddeath
White	11309112	18275	 455503287	0.04	1.00		1.00		1.00		1.00		1.00
South Asian	1059978	601	  42698386	0.01	0.39	(0.36 - 0.42)	0.82	(0.76 - 0.90)	0.75	(0.69 - 0.81)	0.88	(0.81 - 0.96)	0.84	(0.77 - 0.91)
Black	355264	224	  14310904	0.02	0.44	(0.38 - 0.50)	0.89	(0.78 - 1.02)	0.79	(0.69 - 0.90)	0.86	(0.75 - 0.98)	0.85	(0.75 - 0.98)
Mixed	179332	96	   7224013	0.01	0.36	(0.30 - 0.44)	1.14	(0.93 - 1.40)	1.07	(0.87 - 1.31)	1.15	(0.94 - 1.41)	1.15	(0.94 - 1.41)
Other	334383	107	  13470234	0.01	0.22	(0.18 - 0.27)	0.64	(0.53 - 0.77)	0.61	(0.50 - 0.74)	0.67	(0.56 - 0.82)	0.67	(0.55 - 0.81)
Unknown	4401095	7844	 177261769	0.04	1.10	(1.07 - 1.13)	1.11	(1.08 - 1.14)	1.12	(1.09 - 1.15)	1.21	(1.17 - 1.24)	1.21	(1.18 - 1.25)
onsdeath
White	11309112	19862	 455503287	0.04	1.00		1.00		1.00		1.00		1.00
South Asian	1059978	820	  42698386	0.02	0.48	(0.45 - 0.52)	1.04	(0.97 - 1.12)	0.93	(0.87 - 1.00)	1.08	(1.00 - 1.16)	1.01	(0.94 - 1.09)
Black	355264	250	  14310904	0.02	0.45	(0.40 - 0.51)	0.93	(0.82 - 1.05)	0.81	(0.71 - 0.92)	0.87	(0.77 - 0.99)	0.87	(0.77 - 0.99)
Mixed	179332	104	   7224013	0.01	0.36	(0.30 - 0.44)	1.16	(0.96 - 1.41)	1.08	(0.89 - 1.31)	1.16	(0.96 - 1.41)	1.16	(0.95 - 1.40)
Other	334383	122	  13470234	0.01	0.23	(0.20 - 0.28)	0.68	(0.57 - 0.82)	0.65	(0.54 - 0.77)	0.72	(0.60 - 0.86)	0.71	(0.59 - 0.85)
Unknown	4401095	8432	 177261769	0.05	1.09	(1.06 - 1.12)	1.11	(1.08 - 1.14)	1.12	(1.09 - 1.15)	1.21	(1.17 - 1.24)	1.21	(1.18 - 1.24)
