Table 2: Association between ethnicity in 16 categories and COVID-19 outcomes - No care homes
	Denominator	Event	Total person-weeks	Rate per 1,000	Crude		Age/Sex Adjusted		Age/Sex/IMD Adjusted		plus co-morbidities		plus hh siz		
					HR	95% CI	HR	95% CI	HR	95% CI	HR	95% CI	HR	95% CI		
tested
British	9831900	835100	 392242213	2.13	1.00		1.00		1.00		1.00		1.00
Irish	81098	6113	   3238146	1.89	0.93	(0.91 - 0.95)	0.95	(0.92 - 0.97)	0.95	(0.92 - 0.97)	0.97	(0.94 - 0.99)	0.97	(0.95 - 0.99)
Other White	1396114	78373	  55877659	1.40	0.69	(0.68 - 0.69)	0.61	(0.61 - 0.62)	0.61	(0.61 - 0.62)	0.67	(0.67 - 0.68)	0.67	(0.67 - 0.68)
White + Caribbean	41165	3665	   7159459	0.51	1.05	(1.02 - 1.09)	0.90	(0.87 - 0.93)	0.90	(0.88 - 0.93)	0.90	(0.87 - 0.93)	0.90	(0.88 - 0.93)
White + African	34984	2652	   7159459	0.37	0.92	(0.88 - 0.95)	0.81	(0.77 - 0.84)	0.81	(0.78 - 0.84)	0.85	(0.82 - 0.88)	0.85	(0.82 - 0.89)
White + Asian	36208	3014	   7159459	0.42	1.01	(0.98 - 1.05)	0.86	(0.83 - 0.89)	0.86	(0.83 - 0.90)	0.90	(0.87 - 0.93)	0.91	(0.87 - 0.94)
Other mixed	66975	4758	   7159459	0.66	0.88	(0.85 - 0.90)	0.75	(0.73 - 0.77)	0.75	(0.73 - 0.78)	0.79	(0.77 - 0.81)	0.80	(0.77 - 0.82)
Indian	447070	34739	  17847475	1.95	0.94	(0.93 - 0.95)	0.88	(0.87 - 0.89)	0.88	(0.87 - 0.89)	0.91	(0.90 - 0.92)	0.91	(0.90 - 0.92)
Pakistani	309010	34733	  12291295	2.83	1.22	(1.20 - 1.23)	1.08	(1.06 - 1.09)	1.09	(1.07 - 1.10)	1.07	(1.06 - 1.08)	1.08	(1.07 - 1.09)
Bangladeshi	73115	5683	   2919060	1.95	0.92	(0.89 - 0.94)	0.80	(0.78 - 0.82)	0.80	(0.78 - 0.82)	0.79	(0.77 - 0.82)	0.80	(0.78 - 0.82)
Other Asian	230783	15534	   9226133	1.68	0.83	(0.82 - 0.84)	0.75	(0.73 - 0.76)	0.75	(0.74 - 0.76)	0.78	(0.77 - 0.79)	0.78	(0.77 - 0.79)
Caribbean	84149	5486	   3363987	1.63	0.77	(0.75 - 0.79)	0.76	(0.74 - 0.79)	0.77	(0.75 - 0.79)	0.78	(0.76 - 0.80)	0.78	(0.75 - 0.80)
African	198863	13792	   7947283	1.74	0.83	(0.82 - 0.85)	0.74	(0.73 - 0.75)	0.75	(0.73 - 0.76)	0.79	(0.77 - 0.80)	0.79	(0.78 - 0.81)
Other Black	72252	4935	   2887798	1.71	0.82	(0.80 - 0.84)	0.74	(0.72 - 0.76)	0.74	(0.72 - 0.77)	0.77	(0.74 - 0.79)	0.77	(0.75 - 0.79)
Chinese	105571	3695	   4234375	0.87	0.42	(0.41 - 0.43)	0.35	(0.34 - 0.36)	0.35	(0.34 - 0.36)	0.42	(0.41 - 0.44)	0.43	(0.42 - 0.45)
Other	228812	13732	   9154197	1.50	0.73	(0.72 - 0.74)	0.65	(0.64 - 0.66)	0.65	(0.64 - 0.66)	0.70	(0.69 - 0.71)	0.70	(0.69 - 0.71)
Unknown	4401095	345024	 175719881	1.96	0.94	(0.93 - 0.94)	0.88	(0.88 - 0.89)	0.88	(0.88 - 0.89)	0.96	(0.96 - 0.97)	0.96	(0.96 - 0.96)
positivetest
British	9831900	118143	 395658569	0.30	1.00		1.00		1.00		1.00		1.00
Irish	81098	647	   3264217	0.20	0.78	(0.73 - 0.85)	0.83	(0.77 - 0.90)	0.83	(0.77 - 0.90)	0.85	(0.79 - 0.92)	0.86	(0.80 - 0.93)
Other White	1396114	11047	  56205865	0.20	0.77	(0.76 - 0.79)	0.68	(0.66 - 0.69)	0.68	(0.67 - 0.69)	0.74	(0.72 - 0.75)	0.73	(0.72 - 0.75)
White + Caribbean	41165	564	   7216739	0.08	1.14	(1.05 - 1.24)	0.91	(0.84 - 0.99)	0.92	(0.85 - 1.00)	0.93	(0.86 - 1.01)	0.94	(0.86 - 1.02)
White + African	34984	411	   7216739	0.06	1.09	(0.99 - 1.20)	0.90	(0.82 - 1.00)	0.91	(0.83 - 1.00)	0.89	(0.81 - 0.98)	0.88	(0.80 - 0.97)
White + Asian	36208	527	   7216739	0.07	1.32	(1.21 - 1.44)	1.05	(0.96 - 1.14)	1.05	(0.96 - 1.14)	1.06	(0.97 - 1.15)	1.06	(0.97 - 1.15)
Other mixed	66975	689	   7216739	0.10	1.02	(0.94 - 1.10)	0.81	(0.75 - 0.88)	0.82	(0.76 - 0.88)	0.84	(0.78 - 0.91)	0.85	(0.78 - 0.91)
Indian	447070	7719	  17983176	0.43	1.50	(1.46 - 1.53)	1.37	(1.34 - 1.40)	1.38	(1.34 - 1.41)	1.27	(1.24 - 1.30)	1.23	(1.20 - 1.26)
Pakistani	309010	10198	  12411288	0.82	2.07	(2.03 - 2.11)	1.74	(1.71 - 1.78)	1.77	(1.73 - 1.80)	1.59	(1.56 - 1.63)	1.54	(1.50 - 1.57)
Bangladeshi	73115	1417	   2940364	0.48	1.72	(1.63 - 1.81)	1.41	(1.34 - 1.49)	1.43	(1.36 - 1.51)	1.31	(1.24 - 1.38)	1.26	(1.19 - 1.33)
Other Asian	230783	3134	   9286589	0.34	1.30	(1.25 - 1.35)	1.11	(1.08 - 1.16)	1.12	(1.08 - 1.16)	1.07	(1.03 - 1.11)	1.05	(1.01 - 1.08)
Caribbean	84149	719	   3387102	0.21	0.74	(0.69 - 0.80)	0.73	(0.68 - 0.78)	0.74	(0.68 - 0.79)	0.72	(0.67 - 0.78)	0.72	(0.67 - 0.78)
African	198863	1972	   8004225	0.25	0.90	(0.86 - 0.94)	0.75	(0.72 - 0.79)	0.76	(0.73 - 0.80)	0.72	(0.69 - 0.75)	0.71	(0.68 - 0.75)
Other Black	72252	725	   2908113	0.25	0.92	(0.86 - 0.99)	0.78	(0.72 - 0.84)	0.79	(0.73 - 0.85)	0.76	(0.71 - 0.82)	0.76	(0.70 - 0.81)
Chinese	105571	264	   4251930	0.06	0.23	(0.21 - 0.26)	0.18	(0.16 - 0.20)	0.18	(0.16 - 0.20)	0.20	(0.18 - 0.23)	0.20	(0.18 - 0.23)
Other	228812	2219	   9210302	0.24	0.89	(0.85 - 0.93)	0.75	(0.72 - 0.79)	0.76	(0.73 - 0.79)	0.78	(0.75 - 0.82)	0.78	(0.75 - 0.81)
Unknown	4401095	55146	 177090139	0.31	1.11	(1.10 - 1.12)	0.98	(0.97 - 0.99)	0.98	(0.97 - 0.99)	1.03	(1.02 - 1.04)	1.02	(1.00 - 1.03)
hes
British	9831900	8558	 395974656	0.02	1.00		1.00		1.00		1.00		1.00
Irish	81098	62	   3265952	0.02	1.05	(0.81 - 1.34)	0.88	(0.69 - 1.13)	0.83	(0.64 - 1.06)	0.81	(0.63 - 1.05)	0.81	(0.63 - 1.04)
Other White	1396114	614	  56237111	0.01	0.60	(0.55 - 0.65)	0.98	(0.90 - 1.06)	0.91	(0.84 - 0.99)	1.02	(0.94 - 1.11)	1.01	(0.93 - 1.10)
White + Caribbean	41165	32	   7223704	0.00	0.87	(0.61 - 1.23)	1.64	(1.16 - 2.33)	1.43	(1.01 - 2.02)	1.40	(0.99 - 1.98)	1.39	(0.98 - 1.97)
White + African	34984	18	   7223704	0.00	0.66	(0.42 - 1.05)	1.44	(0.91 - 2.29)	1.25	(0.79 - 1.99)	1.34	(0.85 - 2.14)	1.31	(0.82 - 2.08)
White + Asian	36208	27	   7223704	0.00	0.93	(0.64 - 1.36)	2.12	(1.45 - 3.09)	2.01	(1.38 - 2.94)	2.12	(1.45 - 3.10)	2.08	(1.42 - 3.04)
Other mixed	66975	23	   7223704	0.00	0.47	(0.31 - 0.71)	1.06	(0.70 - 1.59)	0.97	(0.64 - 1.46)	1.04	(0.69 - 1.56)	1.02	(0.68 - 1.54)
Indian	447070	487	  18007381	0.03	1.29	(1.17 - 1.41)	1.95	(1.77 - 2.15)	1.77	(1.61 - 1.95)	1.68	(1.52 - 1.85)	1.61	(1.46 - 1.78)
Pakistani	309010	736	  12444760	0.06	1.94	(1.80 - 2.10)	3.58	(3.31 - 3.88)	2.85	(2.64 - 3.09)	2.33	(2.14 - 2.52)	2.15	(1.97 - 2.34)
Bangladeshi	73115	112	   2944868	0.04	1.78	(1.48 - 2.15)	3.79	(3.14 - 4.57)	3.02	(2.50 - 3.64)	2.61	(2.16 - 3.15)	2.41	(1.99 - 2.92)
Other Asian	230783	221	   9296123	0.02	1.27	(1.11 - 1.45)	2.43	(2.12 - 2.79)	2.17	(1.89 - 2.49)	2.12	(1.85 - 2.43)	2.03	(1.77 - 2.33)
Caribbean	84149	94	   3389149	0.03	1.25	(1.02 - 1.54)	1.28	(1.04 - 1.57)	1.05	(0.86 - 1.29)	1.02	(0.83 - 1.26)	1.02	(0.83 - 1.25)
African	198863	131	   8010438	0.02	0.81	(0.69 - 0.97)	1.81	(1.52 - 2.16)	1.48	(1.24 - 1.76)	1.54	(1.30 - 1.84)	1.49	(1.25 - 1.78)
Other Black	72252	51	   2910351	0.02	0.87	(0.66 - 1.15)	1.66	(1.26 - 2.19)	1.39	(1.06 - 1.84)	1.41	(1.07 - 1.86)	1.38	(1.05 - 1.82)
Chinese	105571	16	   4252761	0.00	0.20	(0.12 - 0.33)	0.43	(0.26 - 0.70)	0.42	(0.26 - 0.69)	0.59	(0.36 - 0.96)	0.58	(0.35 - 0.95)
Other	228812	135	   9216967	0.01	0.74	(0.63 - 0.88)	1.47	(1.24 - 1.74)	1.30	(1.10 - 1.55)	1.45	(1.22 - 1.73)	1.42	(1.19 - 1.68)
Unknown	4401095	3043	 177253321	0.02	0.85	(0.82 - 0.89)	0.98	(0.94 - 1.03)	0.98	(0.94 - 1.03)	1.10	(1.06 - 1.15)	1.10	(1.05 - 1.15)
onscoviddeath
British	9831900	1483	 395998318	0.00	1.00		1.00		1.00		1.00		1.00
Irish	81098	11	   3266127	0.00	1.09	(0.60 - 1.98)	0.83	(0.46 - 1.50)	0.76	(0.42 - 1.38)	0.73	(0.40 - 1.33)	0.74	(0.41 - 1.33)
Other White	1396114	93	  56238857	0.00	0.53	(0.43 - 0.66)	1.16	(0.94 - 1.43)	1.10	(0.89 - 1.36)	1.17	(0.95 - 1.45)	1.15	(0.93 - 1.43)
White + Caribbean	41165	.	   7224013	  .	0.16	(0.02 - 1.12)	0.46	(0.06 - 3.24)	0.38	(0.05 - 2.69)	0.36	(0.05 - 2.53)	0.36	(0.05 - 2.53)
White + African	34984	.	   7224013	  .	0.43	(0.11 - 1.72)	2.10	(0.53 - 8.43)	1.82	(0.45 - 7.29)	2.19	(0.55 - 8.79)	2.07	(0.51 - 8.29)
White + Asian	36208	.	   7224013	  .	0.41	(0.10 - 1.65)	1.93	(0.48 - 7.71)	1.84	(0.46 - 7.36)	2.05	(0.51 - 8.20)	1.93	(0.48 - 7.73)
Other mixed	66975	.	   7224013	  .	0.37	(0.12 - 1.14)	1.70	(0.55 - 5.27)	1.54	(0.50 - 4.79)	1.66	(0.53 - 5.17)	1.61	(0.52 - 5.01)
Indian	447070	73	  18008944	0.00	1.27	(0.99 - 1.61)	2.58	(2.02 - 3.31)	2.29	(1.79 - 2.94)	2.40	(1.86 - 3.08)	2.18	(1.69 - 2.82)
Pakistani	309010	108	  12447311	0.01	1.71	(1.40 - 2.09)	4.79	(3.92 - 5.86)	3.61	(2.94 - 4.43)	3.09	(2.50 - 3.81)	2.45	(1.95 - 3.06)
Bangladeshi	73115	16	   2945251	0.01	1.58	(0.96 - 2.59)	6.21	(3.78 - 10.19)	4.68	(2.85 - 7.70)	3.82	(2.32 - 6.29)	3.02	(1.82 - 5.01)
Other Asian	230783	22	   9296881	0.00	0.77	(0.51 - 1.18)	2.56	(1.67 - 3.92)	2.23	(1.45 - 3.42)	2.30	(1.49 - 3.53)	2.02	(1.31 - 3.12)
Caribbean	84149	16	   3389441	0.00	1.29	(0.78 - 2.11)	1.28	(0.78 - 2.10)	1.01	(0.62 - 1.67)	1.00	(0.61 - 1.64)	1.00	(0.61 - 1.65)
African	198863	.	   8010984	  .	0.19	(0.08 - 0.45)	0.98	(0.41 - 2.37)	0.78	(0.32 - 1.88)	0.88	(0.36 - 2.13)	0.81	(0.33 - 1.96)
Other Black	72252	.	   2910479	  .	0.51	(0.21 - 1.22)	1.73	(0.72 - 4.17)	1.41	(0.58 - 3.40)	1.52	(0.63 - 3.67)	1.45	(0.60 - 3.50)
Chinese	105571	.	   4252830	  .	0.30	(0.11 - 0.80)	1.12	(0.42 - 2.99)	1.08	(0.40 - 2.88)	1.52	(0.57 - 4.07)	1.48	(0.55 - 3.96)
Other	228812	11	   9217405	0.00	0.37	(0.20 - 0.66)	1.25	(0.69 - 2.27)	1.11	(0.61 - 2.01)	1.20	(0.66 - 2.18)	1.14	(0.63 - 2.08)
Unknown	4401095	588	 177261769	0.00	0.95	(0.86 - 1.04)	1.10	(1.00 - 1.21)	1.11	(1.01 - 1.22)	1.23	(1.12 - 1.36)	1.24	(1.12 - 1.36)
ons_noncoviddeath
British	9831900	17205	 395998318	0.04	1.00		1.00		1.00		1.00		1.00
Irish	81098	185	   3266127	0.06	1.44	(1.24 - 1.66)	1.17	(1.01 - 1.35)	1.11	(0.96 - 1.29)	1.03	(0.89 - 1.20)	1.03	(0.89 - 1.20)
Other White	1396114	885	  56238857	0.02	0.39	(0.37 - 0.42)	0.86	(0.80 - 0.92)	0.83	(0.77 - 0.89)	0.87	(0.81 - 0.93)	0.86	(0.80 - 0.92)
White + Caribbean	41165	32	   7224013	0.00	0.47	(0.33 - 0.67)	1.21	(0.85 - 1.71)	1.08	(0.77 - 1.53)	1.12	(0.79 - 1.59)	1.12	(0.79 - 1.59)
White + African	34984	17	   7224013	0.00	0.30	(0.19 - 0.48)	1.16	(0.72 - 1.87)	1.06	(0.66 - 1.71)	1.31	(0.81 - 2.11)	1.28	(0.80 - 2.07)
White + Asian	36208	14	   7224013	0.00	0.24	(0.14 - 0.40)	0.89	(0.53 - 1.51)	0.87	(0.52 - 1.47)	0.91	(0.54 - 1.54)	0.91	(0.54 - 1.53)
Other mixed	66975	33	   7224013	0.00	0.31	(0.22 - 0.44)	1.16	(0.83 - 1.64)	1.10	(0.78 - 1.55)	1.20	(0.85 - 1.69)	1.19	(0.85 - 1.68)
Indian	447070	291	  18008944	0.02	0.41	(0.36 - 0.46)	0.77	(0.68 - 0.87)	0.72	(0.64 - 0.81)	0.89	(0.79 - 1.00)	0.86	(0.77 - 0.97)
Pakistani	309010	202	  12447311	0.02	0.39	(0.34 - 0.45)	1.02	(0.88 - 1.17)	0.86	(0.75 - 0.99)	0.95	(0.82 - 1.09)	0.87	(0.76 - 1.01)
Bangladeshi	73115	38	   2945251	0.01	0.32	(0.23 - 0.44)	1.10	(0.80 - 1.51)	0.93	(0.67 - 1.28)	0.93	(0.68 - 1.28)	0.86	(0.62 - 1.19)
Other Asian	230783	70	   9296881	0.01	0.20	(0.16 - 0.25)	0.55	(0.43 - 0.69)	0.51	(0.40 - 0.64)	0.63	(0.50 - 0.80)	0.61	(0.48 - 0.78)
Caribbean	84149	113	   3389441	0.03	0.84	(0.70 - 1.02)	0.83	(0.69 - 1.00)	0.73	(0.61 - 0.88)	0.75	(0.62 - 0.91)	0.76	(0.63 - 0.92)
African	198863	73	   8010984	0.01	0.23	(0.18 - 0.29)	0.91	(0.72 - 1.15)	0.80	(0.63 - 1.00)	0.99	(0.79 - 1.25)	0.97	(0.77 - 1.22)
Other Black	72252	38	   2910479	0.01	0.33	(0.24 - 0.45)	0.98	(0.71 - 1.35)	0.87	(0.63 - 1.20)	0.92	(0.67 - 1.26)	0.91	(0.66 - 1.25)
Chinese	105571	28	   4252830	0.01	0.17	(0.11 - 0.24)	0.58	(0.40 - 0.84)	0.57	(0.39 - 0.83)	0.69	(0.48 - 1.00)	0.69	(0.48 - 1.00)
Other	228812	79	   9217405	0.01	0.22	(0.18 - 0.27)	0.65	(0.52 - 0.81)	0.61	(0.48 - 0.76)	0.66	(0.53 - 0.82)	0.65	(0.52 - 0.81)
Unknown	4401095	7844	 177261769	0.04	1.03	(1.00 - 1.06)	1.11	(1.08 - 1.14)	1.11	(1.08 - 1.14)	1.20	(1.16 - 1.23)	1.20	(1.17 - 1.24)
onsdeath
British	9831900	18688	 395998318	0.05	1.00		1.00		1.00		1.00		1.00
Irish	81098	196	   3266127	0.06	1.41	(1.23 - 1.63)	1.14	(0.99 - 1.32)	1.09	(0.94 - 1.25)	1.01	(0.88 - 1.17)	1.01	(0.88 - 1.17)
Other White	1396114	978	  56238857	0.02	0.40	(0.38 - 0.43)	0.88	(0.83 - 0.94)	0.85	(0.80 - 0.91)	0.89	(0.83 - 0.95)	0.88	(0.83 - 0.94)
White + Caribbean	41165	33	   7224013	0.00	0.44	(0.32 - 0.62)	1.15	(0.82 - 1.62)	1.03	(0.73 - 1.45)	1.06	(0.75 - 1.49)	1.06	(0.75 - 1.49)
White + African	34984	19	   7224013	0.00	0.31	(0.20 - 0.48)	1.22	(0.78 - 1.92)	1.11	(0.71 - 1.75)	1.37	(0.87 - 2.14)	1.34	(0.85 - 2.10)
White + Asian	36208	16	   7224013	0.00	0.25	(0.15 - 0.41)	0.96	(0.59 - 1.57)	0.94	(0.57 - 1.53)	0.99	(0.60 - 1.61)	0.98	(0.60 - 1.60)
Other mixed	66975	36	   7224013	0.00	0.32	(0.23 - 0.44)	1.20	(0.87 - 1.67)	1.14	(0.82 - 1.58)	1.24	(0.89 - 1.72)	1.23	(0.88 - 1.70)
Indian	447070	364	  18008944	0.02	0.47	(0.42 - 0.52)	0.90	(0.81 - 1.00)	0.83	(0.75 - 0.93)	1.02	(0.91 - 1.13)	0.98	(0.88 - 1.09)
Pakistani	309010	310	  12447311	0.02	0.54	(0.48 - 0.60)	1.40	(1.25 - 1.57)	1.17	(1.04 - 1.31)	1.26	(1.12 - 1.41)	1.14	(1.01 - 1.28)
Bangladeshi	73115	54	   2945251	0.02	0.42	(0.32 - 0.54)	1.46	(1.12 - 1.91)	1.22	(0.93 - 1.59)	1.20	(0.92 - 1.57)	1.09	(0.83 - 1.43)
Other Asian	230783	92	   9296881	0.01	0.24	(0.20 - 0.30)	0.68	(0.55 - 0.83)	0.63	(0.51 - 0.77)	0.77	(0.62 - 0.94)	0.74	(0.60 - 0.91)
Caribbean	84149	129	   3389441	0.04	0.88	(0.74 - 1.05)	0.87	(0.73 - 1.04)	0.76	(0.64 - 0.90)	0.78	(0.65 - 0.93)	0.78	(0.66 - 0.93)
African	198863	78	   8010984	0.01	0.23	(0.18 - 0.29)	0.92	(0.74 - 1.15)	0.80	(0.64 - 1.00)	0.98	(0.79 - 1.23)	0.95	(0.76 - 1.20)
Other Black	72252	43	   2910479	0.01	0.34	(0.26 - 0.46)	1.04	(0.77 - 1.40)	0.92	(0.68 - 1.24)	0.96	(0.71 - 1.30)	0.95	(0.70 - 1.28)
Chinese	105571	32	   4252830	0.01	0.18	(0.12 - 0.25)	0.62	(0.44 - 0.88)	0.61	(0.43 - 0.86)	0.74	(0.53 - 1.05)	0.74	(0.52 - 1.05)
Other	228812	90	   9217405	0.01	0.23	(0.19 - 0.28)	0.69	(0.56 - 0.85)	0.64	(0.52 - 0.79)	0.70	(0.57 - 0.86)	0.69	(0.56 - 0.85)
Unknown	4401095	8432	 177261769	0.05	1.02	(0.99 - 1.05)	1.11	(1.08 - 1.14)	1.11	(1.08 - 1.14)	1.20	(1.17 - 1.23)	1.20	(1.17 - 1.24)
