Table 1: Demographic and Clinical Characteristics
	Total	British	Irish	Other White	White + Caribbean	White + African	White + Asian	Other mixed	Indian	Pakistani	Bangladeshi	Other Asian	Caribbean	African	Other Black	Chinese	Other	Unknown

1	 1.76e+07 (100.0)	  9831900 (100.0)	   81,098 (100.0)	  1396114 (100.0)	   41,165 (100.0)	   34,984 (100.0)	   36,208 (100.0)	   66,975 (100.0)	  447,070 (100.0)	  309,010 (100.0)	   73,115 (100.0)	  230,783 (100.0)	   84,149 (100.0)	  198,863 (100.0)	   72,252 (100.0)	  105,571 (100.0)	  228,812 (100.0)	  4401095 (100.0)	

Age (years)
Mean (SD)	49.6 (18.6)	52.6 (18.3)	53.9 (18.5)	43.0 (15.6)	40.7 (16.2)	41.0 (14.2)	39.4 (14.8)	39.5 (14.4)	45.0 (15.9)	41.4 (15.2)	39.9 (14.0)	42.5 (14.8)	50.8 (17.8)	41.4 (13.8)	42.5 (15.0)	38.3 (15.3)	41.6 (14.7)	48.1 (20.0)	
Median (IQR)	49.0 (34.0-64.0)	53.0 (38.0-67.0)	54.0 (38.0-70.0)	40.0 (31.0-52.0)	37.0 (28.0-52.0)	40.0 (30.0-50.0)	37.0 (28.0-49.0)	37.0 (29.0-48.0)	42.0 (33.0-55.0)	39.0 (30.0-50.0)	39.0 (30.0-47.0)	41.0 (32.0-51.0)	52.0 (37.0-62.0)	41.0 (31.0-50.0)	42.0 (31.0-53.0)	34.0 (26.0-48.0)	40.0 (31.0-50.0)	48.0 (30.0-63.0)	

Male
0	  8817368 (50.0)	  5118175 (52.1)	   40,848 (50.4)	  709,773 (50.8)	   22,243 (54.0)	   17,345 (49.6)	   18,546 (51.2)	   34,081 (50.9)	  210,799 (47.2)	  149,082 (48.2)	   34,458 (47.1)	  114,408 (49.6)	   44,078 (52.4)	   96,901 (48.7)	   36,096 (50.0)	   54,661 (51.8)	  109,378 (47.8)	  2006496 (45.6)	
1	  8821796 (50.0)	  4713725 (47.9)	   40,250 (49.6)	  686,341 (49.2)	   18,922 (46.0)	   17,639 (50.4)	   17,662 (48.8)	   32,894 (49.1)	  236,271 (52.8)	  159,928 (51.8)	   38,657 (52.9)	  116,375 (50.4)	   40,071 (47.6)	  101,962 (51.3)	   36,156 (50.0)	   50,910 (48.2)	  119,434 (52.2)	  2394599 (54.4)	

Index of Multiple Deprivation (IMD)
1	  3596233 (20.4)	  2234041 (22.7)	   15,384 (19.0)	  178,508 (12.8)	    4,407 (10.7)	    3,820 (10.9)	    6,396 (17.7)	    9,241 (13.8)	   52,633 (11.8)	   12,717 (4.1)	    3,362 (4.6)	   24,754 (10.7)	    5,347 (6.4)	   13,309 (6.7)	    5,471 (7.6)	   20,090 (19.0)	   25,003 (10.9)	  981,750 (22.3)	
2	  3538311 (20.1)	  2117731 (21.5)	   17,370 (21.4)	  249,842 (17.9)	    5,527 (13.4)	    4,971 (14.2)	    6,975 (19.3)	   11,508 (17.2)	   61,849 (13.8)	   19,943 (6.5)	    5,371 (7.3)	   34,280 (14.9)	    8,743 (10.4)	   20,105 (10.1)	    7,836 (10.8)	   23,117 (21.9)	   34,688 (15.2)	  908,455 (20.6)	
3	  3601808 (20.4)	  2033969 (20.7)	   17,810 (22.0)	  288,844 (20.7)	    7,636 (18.5)	    6,424 (18.4)	    7,277 (20.1)	   13,508 (20.2)	  100,638 (22.5)	   38,618 (12.5)	   10,938 (15.0)	   50,935 (22.1)	   14,959 (17.8)	   32,205 (16.2)	   11,831 (16.4)	   22,746 (21.5)	   42,820 (18.7)	  900,650 (20.5)	
4	  3531637 (20.0)	  1810777 (18.4)	   16,857 (20.8)	  347,823 (24.9)	    9,993 (24.3)	    8,528 (24.4)	    7,643 (21.1)	   16,119 (24.1)	  146,058 (32.7)	   75,357 (24.4)	   19,356 (26.5)	   63,854 (27.7)	   22,349 (26.6)	   52,849 (26.6)	   19,550 (27.1)	   23,644 (22.4)	   58,336 (25.5)	  832,544 (18.9)	
5	  3371175 (19.1)	  1635382 (16.6)	   13,677 (16.9)	  331,097 (23.7)	   13,602 (33.0)	   11,241 (32.1)	    7,917 (21.9)	   16,599 (24.8)	   85,892 (19.2)	  162,375 (52.5)	   34,088 (46.6)	   56,960 (24.7)	   32,751 (38.9)	   80,395 (40.4)	   27,564 (38.1)	   15,974 (15.1)	   67,965 (29.7)	  777,696 (17.7)	

# people in household
Mean (SD)	4.2 (43.0)	3.0 (24.4)	4.5 (42.2)	10.1 (105.2)	4.1 (30.6)	6.2 (48.5)	12.6 (91.4)	6.9 (56.9)	6.1 (42.4)	5.0 (21.9)	5.1 (25.0)	8.4 (63.7)	3.1 (19.0)	5.3 (35.9)	4.1 (21.9)	33.4 (162.0)	7.0 (57.5)	3.5 (32.4)	
Median (IQR)	2.0 (1.0-4.0)	2.0 (1.0-3.0)	2.0 (1.0-3.0)	3.0 (1.0-4.0)	3.0 (1.0-4.0)	3.0 (1.0-5.0)	3.0 (1.0-4.0)	3.0 (1.0-4.0)	4.0 (2.0-5.0)	4.0 (2.0-6.0)	4.0 (2.0-6.0)	3.0 (2.0-5.0)	2.0 (1.0-4.0)	3.0 (2.0-5.0)	3.0 (1.0-5.0)	2.0 (1.0-4.0)	3.0 (1.0-5.0)	2.0 (1.0-4.0)	

Number of people in household
1	  7663213 (43.4)	  4840932 (49.2)	   42,709 (52.7)	  512,091 (36.7)	   16,820 (40.9)	   11,273 (32.2)	   12,652 (34.9)	   25,224 (37.7)	  101,015 (22.6)	   43,704 (14.1)	    9,928 (13.6)	   63,366 (27.5)	   39,054 (46.4)	   58,677 (29.5)	   25,169 (34.8)	   46,597 (44.1)	   76,982 (33.6)	  1737020 (39.5)	
2	  6356411 (36.0)	  3365412 (34.2)	   24,840 (30.6)	  545,622 (39.1)	   17,234 (41.9)	   14,772 (42.2)	   15,099 (41.7)	   26,644 (39.8)	  203,021 (45.4)	  116,637 (37.7)	   30,611 (41.9)	   96,997 (42.0)	   31,239 (37.1)	   83,240 (41.9)	   27,944 (38.7)	   33,885 (32.1)	   90,166 (39.4)	  1633048 (37.1)	
3	  1031490 (5.8)	  304,396 (3.1)	    3,905 (4.8)	  156,056 (11.2)	    3,014 (7.3)	    4,879 (13.9)	    3,755 (10.4)	    7,529 (11.2)	   76,198 (17.0)	   92,672 (30.0)	   21,140 (28.9)	   39,705 (17.2)	    5,688 (6.8)	   36,469 (18.3)	   11,230 (15.5)	    8,590 (8.1)	   33,217 (14.5)	  223,047 (5.1)	
4	  171,276 (1.0)	   35,420 (0.4)	    1,031 (1.3)	   37,873 (2.7)	      370 (0.9)	      670 (1.9)	      986 (2.7)	    1,532 (2.3)	   20,128 (4.5)	   11,820 (3.8)	    2,162 (3.0)	    8,593 (3.7)	      549 (0.7)	    4,670 (2.3)	    1,429 (2.0)	    7,469 (7.1)	    7,001 (3.1)	   29,573 (0.7)	
.	        0 (0.0)	        0 (0.0)	        0 (0.0)	        0 (0.0)	        0 (0.0)	        0 (0.0)	        0 (0.0)	        0 (0.0)	        0 (0.0)	        0 (0.0)	        0 (0.0)	        0 (0.0)	        0 (0.0)	        0 (0.0)	        0 (0.0)	        0 (0.0)	        0 (0.0)	        0 (0.0)	
.	        0 (0.0)	        0 (0.0)	        0 (0.0)	        0 (0.0)	        0 (0.0)	        0 (0.0)	        0 (0.0)	        0 (0.0)	        0 (0.0)	        0 (0.0)	        0 (0.0)	        0 (0.0)	        0 (0.0)	        0 (0.0)	        0 (0.0)	        0 (0.0)	        0 (0.0)	        0 (0.0)	
.	        0 (0.0)	        0 (0.0)	        0 (0.0)	        0 (0.0)	        0 (0.0)	        0 (0.0)	        0 (0.0)	        0 (0.0)	        0 (0.0)	        0 (0.0)	        0 (0.0)	        0 (0.0)	        0 (0.0)	        0 (0.0)	        0 (0.0)	        0 (0.0)	        0 (0.0)	        0 (0.0)	
.	        0 (0.0)	        0 (0.0)	        0 (0.0)	        0 (0.0)	        0 (0.0)	        0 (0.0)	        0 (0.0)	        0 (0.0)	        0 (0.0)	        0 (0.0)	        0 (0.0)	        0 (0.0)	        0 (0.0)	        0 (0.0)	        0 (0.0)	        0 (0.0)	        0 (0.0)	        0 (0.0)	
9	  2416774 (13.7)	  1285740 (13.1)	    8,613 (10.6)	  144,472 (10.3)	    3,727 (9.1)	    3,390 (9.7)	    3,716 (10.3)	    6,046 (9.0)	   46,708 (10.4)	   44,177 (14.3)	    9,274 (12.7)	   22,122 (9.6)	    7,619 (9.1)	   15,807 (7.9)	    6,480 (9.0)	    9,030 (8.6)	   21,446 (9.4)	  778,407 (17.7)	
.	        0 (0.0)	        0 (0.0)	        0 (0.0)	        0 (0.0)	        0 (0.0)	        0 (0.0)	        0 (0.0)	        0 (0.0)	        0 (0.0)	        0 (0.0)	        0 (0.0)	        0 (0.0)	        0 (0.0)	        0 (0.0)	        0 (0.0)	        0 (0.0)	        0 (0.0)	        0 (0.0)	

Number of GP consultations in the 12 months prior to baseline
Mean (SD)	5.4 (8.3)	6.2 (8.9)	6.1 (9.7)	3.6 (7.0)	5.9 (9.3)	4.7 (8.0)	4.6 (7.8)	4.4 (8.4)	5.2 (8.1)	6.3 (9.0)	5.8 (8.2)	4.7 (7.7)	6.1 (8.7)	4.6 (7.6)	5.1 (8.5)	1.9 (4.5)	4.2 (7.8)	4.3 (6.7)	
Median (IQR)	3.0 (0.0-7.0)	4.0 (1.0-8.0)	3.0 (0.0-8.0)	1.0 (0.0-5.0)	3.0 (0.0-8.0)	2.0 (0.0-6.0)	2.0 (0.0-6.0)	1.0 (0.0-6.0)	2.0 (0.0-7.0)	3.0 (0.0-8.0)	3.0 (0.0-8.0)	2.0 (0.0-6.0)	3.0 (0.0-8.0)	2.0 (0.0-6.0)	2.0 (0.0-7.0)	0.0 (0.0-2.0)	1.0 (0.0-6.0)	2.0 (0.0-6.0)	

Smoking status (missing set to non)
1	  8872156 (50.3)	  4408804 (44.8)	   33,775 (41.6)	  652,940 (46.8)	   19,438 (47.2)	   23,435 (67.0)	   22,071 (61.0)	   36,892 (55.1)	  348,590 (78.0)	  217,044 (70.2)	   48,692 (66.6)	  164,307 (71.2)	   44,655 (53.1)	  152,273 (76.6)	   46,712 (64.7)	   83,185 (78.8)	  133,613 (58.4)	  2435730 (55.3)	
2	  5788988 (32.8)	  3777932 (38.4)	   32,495 (40.1)	  396,760 (28.4)	   11,006 (26.7)	    6,722 (19.2)	    8,196 (22.6)	   16,072 (24.0)	   64,430 (14.4)	   48,315 (15.6)	   12,906 (17.7)	   39,436 (17.1)	   22,811 (27.1)	   29,043 (14.6)	   14,167 (19.6)	   12,890 (12.2)	   48,920 (21.4)	  1246887 (28.3)	
3	  2978020 (16.9)	  1645164 (16.7)	   14,828 (18.3)	  346,414 (24.8)	   10,721 (26.0)	    4,827 (13.8)	    5,941 (16.4)	   14,011 (20.9)	   34,050 (7.6)	   43,651 (14.1)	   11,517 (15.8)	   27,040 (11.7)	   16,683 (19.8)	   17,547 (8.8)	   11,373 (15.7)	    9,496 (9.0)	   46,279 (20.2)	  718,478 (16.3)	

Body Mass Index (BMI, kg/m2)
Mean (SD)	27.4 (5.7)	27.6 (5.7)	27.0 (5.4)	26.2 (5.4)	27.6 (6.0)	27.7 (5.7)	25.7 (5.3)	26.3 (5.5)	26.3 (5.0)	27.5 (5.6)	26.2 (4.8)	25.9 (4.9)	28.5 (5.9)	27.9 (5.6)	27.9 (5.8)	22.9 (3.9)	26.4 (5.2)	27.7 (5.9)	
Median (IQR)	26.6 (23.4-30.5)	26.8 (23.6-30.8)	26.2 (23.2-29.9)	25.3 (22.3-29.1)	26.6 (23.2-31.0)	27.0 (23.7-31.0)	24.8 (21.9-28.4)	25.4 (22.3-29.3)	25.7 (23.0-29.0)	26.9 (23.7-30.7)	25.7 (23.1-28.7)	25.4 (22.5-28.7)	27.7 (24.3-31.7)	27.3 (23.9-31.2)	27.2 (23.8-31.2)	22.3 (20.2-25.0)	25.6 (22.6-29.2)	26.8 (23.4-31.0)	

BMI with SA categories
1	  303,756 (1.7)	  156,159 (1.6)	    1,482 (1.8)	   30,441 (2.2)	      757 (1.8)	      537 (1.5)	    1,100 (3.0)	    1,590 (2.4)	   11,226 (2.5)	    7,649 (2.5)	    1,734 (2.4)	    6,245 (2.7)	    1,001 (1.2)	    3,058 (1.5)	    1,135 (1.6)	    7,185 (6.8)	    4,734 (2.1)	   67,723 (1.5)	
2	  4639779 (26.3)	  2820882 (28.7)	   25,822 (31.8)	  483,308 (34.6)	   11,711 (28.4)	    8,733 (25.0)	   13,404 (37.0)	   22,136 (33.1)	   78,293 (17.5)	   42,681 (13.8)	   12,030 (16.5)	   46,313 (20.1)	   19,837 (23.6)	   46,420 (23.3)	   17,659 (24.4)	   51,534 (48.8)	   71,710 (31.3)	  867,306 (19.7)	
3	  4716271 (26.7)	  2941413 (29.9)	   24,830 (30.6)	  346,801 (24.8)	   10,644 (25.9)	    9,256 (26.5)	    8,682 (24.0)	   15,933 (23.8)	  141,882 (31.7)	   83,554 (27.0)	   23,915 (32.7)	   70,383 (30.5)	   25,250 (30.0)	   54,812 (27.6)	   20,048 (27.7)	   15,672 (14.8)	   58,773 (25.7)	  864,423 (19.6)	
4	  2491299 (14.1)	  1524409 (15.5)	   11,454 (14.1)	  152,824 (10.9)	    5,884 (14.3)	    5,133 (14.7)	    3,453 (9.5)	    7,133 (10.7)	   89,435 (20.0)	   71,320 (23.1)	   14,207 (19.4)	   43,177 (18.7)	   14,813 (17.6)	   30,937 (15.6)	   11,124 (15.4)	    3,029 (2.9)	   25,423 (11.1)	  477,544 (10.9)	
5	  967,035 (5.5)	  598,969 (6.1)	    3,934 (4.9)	   53,911 (3.9)	    2,504 (6.1)	    1,950 (5.6)	    1,145 (3.2)	    2,566 (3.8)	   27,350 (6.1)	   29,148 (9.4)	    4,048 (5.5)	   12,816 (5.6)	    6,129 (7.3)	   11,706 (5.9)	    4,426 (6.1)	      642 (0.6)	    8,101 (3.5)	  197,690 (4.5)	
6	  485,310 (2.8)	  306,294 (3.1)	    1,757 (2.2)	   25,325 (1.8)	    1,439 (3.5)	      978 (2.8)	      528 (1.5)	    1,336 (2.0)	   10,570 (2.4)	   13,057 (4.2)	    1,412 (1.9)	    4,551 (2.0)	    3,325 (4.0)	    5,187 (2.6)	    2,164 (3.0)	      279 (0.3)	    3,392 (1.5)	  103,716 (2.4)	
7	  4035714 (22.9)	  1483774 (15.1)	   11,819 (14.6)	  303,504 (21.7)	    8,226 (20.0)	    8,397 (24.0)	    7,896 (21.8)	   16,281 (24.3)	   88,314 (19.8)	   61,601 (19.9)	   15,769 (21.6)	   47,298 (20.5)	   13,794 (16.4)	   46,743 (23.5)	   15,696 (21.7)	   27,230 (25.8)	   56,679 (24.8)	  1822693 (41.4)	

HbA1c %
Mean (SD)	5.9 (1.0)	5.9 (1.0)	5.8 (0.9)	5.7 (0.9)	5.9 (1.2)	5.9 (1.1)	5.9 (1.1)	5.8 (1.0)	6.1 (1.1)	6.2 (1.3)	6.3 (1.3)	6.0 (1.1)	6.2 (1.3)	6.0 (1.2)	6.0 (1.2)	5.9 (0.9)	5.8 (1.0)	5.9 (1.1)	
Median (IQR)	5.6 (5.4-6.0)	5.6 (5.4-6.0)	5.6 (5.4-6.0)	5.5 (5.3-5.9)	5.6 (5.4-6.1)	5.6 (5.4-6.0)	5.6 (5.4-6.0)	5.5 (5.3-5.9)	5.8 (5.4-6.3)	5.8 (5.4-6.4)	5.9 (5.5-6.5)	5.7 (5.4-6.2)	5.9 (5.5-6.4)	5.7 (5.4-6.1)	5.7 (5.4-6.1)	5.7 (5.4-6.0)	5.6 (5.4-6.0)	5.6 (5.4-6.0)	

HbA1c mmo/mol
Mean (SD)	41.0 (70.6)	40.7 (67.1)	40.1 (10.1)	39.2 (10.4)	43.1 (258.4)	41.0 (13.8)	40.5 (11.8)	40.0 (11.4)	43.5 (113.1)	44.6 (88.7)	47.3 (312.1)	42.4 (12.5)	43.9 (14.3)	41.8 (13.3)	41.6 (13.2)	40.5 (9.4)	40.2 (11.2)	41.2 (70.8)	
Median (IQR)	38.0 (35.0-42.0)	38.0 (35.0-42.0)	38.0 (35.0-42.0)	37.0 (34.0-41.0)	38.0 (35.0-43.0)	38.0 (35.0-42.0)	38.0 (35.0-42.0)	37.0 (34.0-41.0)	40.0 (36.0-45.0)	40.0 (36.0-46.0)	41.0 (37.0-48.0)	39.0 (36.0-44.0)	41.0 (37.0-46.0)	39.0 (35.0-43.0)	39.0 (35.0-43.0)	39.0 (36.0-42.0)	38.0 (35.0-42.0)	38.0 (35.0-43.0)	

HbA1c category
0	  6726339 (38.1)	  4211002 (42.8)	   34,983 (43.1)	  407,113 (29.2)	   13,884 (33.7)	   11,203 (32.0)	   11,327 (31.3)	   20,090 (30.0)	  188,346 (42.1)	  128,373 (41.5)	   26,355 (36.0)	   85,758 (37.2)	   35,655 (42.4)	   67,433 (33.9)	   27,411 (37.9)	   19,622 (18.6)	   75,922 (33.2)	  1361862 (30.9)	
1	  588,375 (3.3)	  339,889 (3.5)	    2,622 (3.2)	   23,899 (1.7)	    1,285 (3.1)	      985 (2.8)	      916 (2.5)	    1,453 (2.2)	   29,265 (6.5)	   19,510 (6.3)	    5,273 (7.2)	   11,210 (4.9)	    5,904 (7.0)	    6,960 (3.5)	    2,605 (3.6)	    1,957 (1.9)	    5,983 (2.6)	  128,659 (2.9)	
2	  157,995 (0.9)	   92,036 (0.9)	      649 (0.8)	    6,389 (0.5)	      313 (0.8)	      234 (0.7)	      241 (0.7)	      390 (0.6)	    7,318 (1.6)	    5,706 (1.8)	    1,497 (2.0)	    2,836 (1.2)	    1,343 (1.6)	    1,560 (0.8)	      613 (0.8)	      387 (0.4)	    1,534 (0.7)	   34,949 (0.8)	
3	  171,423 (1.0)	  100,288 (1.0)	      677 (0.8)	    7,315 (0.5)	      341 (0.8)	      243 (0.7)	      299 (0.8)	      409 (0.6)	    7,480 (1.7)	    6,534 (2.1)	    1,621 (2.2)	    2,880 (1.2)	    1,314 (1.6)	    1,771 (0.9)	      630 (0.9)	      378 (0.4)	    1,644 (0.7)	   37,599 (0.9)	
4	  197,881 (1.1)	  114,538 (1.2)	      712 (0.9)	    8,827 (0.6)	      507 (1.2)	      386 (1.1)	      347 (1.0)	      556 (0.8)	    7,866 (1.8)	    8,705 (2.8)	    1,666 (2.3)	    3,492 (1.5)	    1,974 (2.3)	    2,768 (1.4)	    1,064 (1.5)	      315 (0.3)	    2,019 (0.9)	   42,139 (1.0)	
5	  9797151 (55.5)	  4974147 (50.6)	   41,455 (51.1)	  942,571 (67.5)	   24,835 (60.3)	   21,933 (62.7)	   23,078 (63.7)	   44,077 (65.8)	  206,795 (46.3)	  140,182 (45.4)	   36,703 (50.2)	  124,607 (54.0)	   37,959 (45.1)	  118,371 (59.5)	   39,929 (55.3)	   82,912 (78.5)	  141,710 (61.9)	  2795887 (63.5)	

Systolic BP
Mean (SD)	128.0 (15.6)	128.6 (15.4)	128.7 (15.8)	125.6 (15.5)	125.4 (15.4)	126.0 (15.6)	122.1 (15.0)	123.0 (15.1)	125.3 (15.5)	123.1 (15.2)	121.7 (15.0)	123.3 (15.1)	129.8 (16.1)	126.3 (15.8)	126.2 (15.9)	120.7 (15.6)	123.2 (15.3)	128.8 (15.9)	
Median (IQR)	128.0 (118.0-138.0)	129.0 (120.0-138.0)	129.0 (119.0-139.0)	125.0 (115.0-136.0)	125.0 (115.0-135.0)	126.0 (115.0-136.0)	121.0 (111.0-132.0)	122.0 (112.0-132.0)	125.0 (115.0-135.0)	122.0 (112.0-133.0)	121.0 (110.0-131.0)	123.0 (112.0-133.0)	130.0 (120.0-139.0)	126.0 (116.0-136.0)	126.0 (116.0-136.0)	120.0 (110.0-131.0)	122.0 (112.0-133.0)	130.0 (119.0-139.0)	

Diastolic BP
Mean (SD)	76.9 (9.9)	76.9 (9.8)	76.4 (9.9)	76.8 (10.1)	77.1 (10.3)	77.7 (10.2)	75.8 (9.9)	76.3 (10.1)	77.0 (9.7)	76.4 (9.6)	76.3 (9.8)	76.5 (9.8)	78.6 (10.2)	78.1 (10.4)	78.0 (10.3)	75.0 (10.0)	76.2 (9.9)	76.8 (10.0)	
Median (IQR)	78.0 (70.0-82.0)	78.0 (70.0-82.0)	77.0 (70.0-82.0)	78.0 (70.0-83.0)	78.0 (70.0-83.0)	78.0 (70.0-84.0)	76.0 (70.0-82.0)	77.0 (70.0-82.0)	78.0 (70.0-83.0)	77.0 (70.0-82.0)	77.0 (70.0-82.0)	77.0 (70.0-82.0)	79.0 (72.0-85.0)	78.0 (71.0-84.0)	78.0 (71.0-84.0)	75.0 (69.0-81.0)	77.0 (70.0-82.0)	78.0 (70.0-82.0)	

Blood pressure four levels non-missing
1	  2587629 (14.7)	  1482508 (15.1)	   12,243 (15.1)	  205,453 (14.7)	    7,506 (18.2)	    5,505 (15.7)	    7,303 (20.2)	   12,323 (18.4)	   77,642 (17.4)	   66,158 (21.4)	   17,105 (23.4)	   44,613 (19.3)	   11,750 (14.0)	   31,720 (16.0)	   12,335 (17.1)	   15,308 (14.5)	   41,565 (18.2)	  536,592 (12.2)	
2	  1784854 (10.1)	  1108612 (11.3)	    8,577 (10.6)	  111,803 (8.0)	    4,077 (9.9)	    2,936 (8.4)	    3,139 (8.7)	    5,628 (8.4)	   40,246 (9.0)	   30,772 (10.0)	    6,831 (9.3)	   20,186 (8.7)	    8,489 (10.1)	   17,197 (8.6)	    6,499 (9.0)	    5,218 (4.9)	   18,273 (8.0)	  386,371 (8.8)	
3	  4235975 (24.0)	  2642037 (26.9)	   19,974 (24.6)	  259,117 (18.6)	    9,184 (22.3)	    7,427 (21.2)	    6,819 (18.8)	   12,242 (18.3)	  103,636 (23.2)	   72,010 (23.3)	   16,995 (23.2)	   48,963 (21.2)	   22,746 (27.0)	   42,906 (21.6)	   16,456 (22.8)	   11,798 (11.2)	   42,374 (18.5)	  901,291 (20.5)	
4	  2925691 (16.6)	  1850955 (18.8)	   14,662 (18.1)	  157,843 (11.3)	    5,458 (13.3)	    4,413 (12.6)	    3,102 (8.6)	    6,139 (9.2)	   56,568 (12.7)	   33,734 (10.9)	    7,370 (10.1)	   23,270 (10.1)	   17,341 (20.6)	   26,720 (13.4)	   10,415 (14.4)	    5,481 (5.2)	   21,225 (9.3)	  680,995 (15.5)	
5	  6105015 (34.6)	  2747788 (27.9)	   25,642 (31.6)	  661,898 (47.4)	   14,940 (36.3)	   14,703 (42.0)	   15,845 (43.8)	   30,643 (45.8)	  168,978 (37.8)	  106,336 (34.4)	   24,814 (33.9)	   93,751 (40.6)	   23,823 (28.3)	   80,320 (40.4)	   26,547 (36.7)	   67,766 (64.2)	  105,375 (46.1)	  1895846 (43.1)	

Diabetes Type
0	 1.59e+07 (90.0)	  8830765 (89.8)	   71,950 (88.7)	  1314367 (94.1)	   36,928 (89.7)	   31,817 (90.9)	   33,229 (91.8)	   61,846 (92.3)	  359,048 (80.3)	  250,088 (80.9)	   57,733 (79.0)	  194,424 (84.2)	   65,313 (77.6)	  175,062 (88.0)	   63,451 (87.8)	  100,006 (94.7)	  207,108 (90.5)	  4029442 (91.6)	
1	   92,133 (0.5)	   58,929 (0.6)	      374 (0.5)	    4,861 (0.3)	      219 (0.5)	      131 (0.4)	      125 (0.3)	      224 (0.3)	    1,229 (0.3)	      920 (0.3)	      141 (0.2)	      458 (0.2)	      440 (0.5)	      740 (0.4)	      290 (0.4)	       93 (0.1)	      594 (0.3)	   22,365 (0.5)	
2	  1254884 (7.1)	  726,951 (7.4)	    5,465 (6.7)	   51,873 (3.7)	    2,783 (6.8)	    2,071 (5.9)	    2,061 (5.7)	    3,148 (4.7)	   60,200 (13.5)	   44,390 (14.4)	   11,463 (15.7)	   23,373 (10.1)	   12,536 (14.9)	   14,843 (7.5)	    5,510 (7.6)	    3,591 (3.4)	   12,941 (5.7)	  271,685 (6.2)	
3	  409,570 (2.3)	  215,255 (2.2)	    3,309 (4.1)	   25,013 (1.8)	    1,235 (3.0)	      965 (2.8)	      793 (2.2)	    1,757 (2.6)	   26,593 (5.9)	   13,612 (4.4)	    3,778 (5.2)	   12,528 (5.4)	    5,860 (7.0)	    8,218 (4.1)	    3,001 (4.2)	    1,881 (1.8)	    8,169 (3.6)	   77,603 (1.8)	

Count of co-morbid conditions
Mean (SD)	0.6 (0.9)	0.7 (0.9)	0.7 (1.0)	0.3 (0.7)	0.5 (0.8)	0.4 (0.7)	0.4 (0.7)	0.3 (0.7)	0.5 (0.8)	0.5 (0.8)	0.4 (0.7)	0.4 (0.7)	0.7 (0.9)	0.4 (0.7)	0.4 (0.7)	0.2 (0.5)	0.3 (0.6)	0.6 (0.9)	
Median (IQR)	0.0 (0.0-1.0)	0.0 (0.0-1.0)	0.0 (0.0-1.0)	0.0 (0.0-0.0)	0.0 (0.0-1.0)	0.0 (0.0-1.0)	0.0 (0.0-1.0)	0.0 (0.0-1.0)	0.0 (0.0-1.0)	0.0 (0.0-1.0)	0.0 (0.0-1.0)	0.0 (0.0-1.0)	0.0 (0.0-1.0)	0.0 (0.0-1.0)	0.0 (0.0-1.0)	0.0 (0.0-0.0)	0.0 (0.0-0.0)	0.0 (0.0-1.0)	

Diagnosed hypertension	  3711699 (21.0)	  2339751 (23.8)	   20,154 (24.9)	  170,107 (12.2)	    6,366 (15.5)	    5,031 (14.4)	    3,469 (9.6)	    6,554 (9.8)	   86,011 (19.2)	   45,839 (14.8)	   10,577 (14.5)	   33,954 (14.7)	   26,318 (31.3)	   32,825 (16.5)	   12,333 (17.1)	    7,499 (7.1)	   25,447 (11.1)	  879,464 (20.0)	


Chronic Cardiac Diseases	  1188332 (6.7)	  773,126 (7.9)	    7,026 (8.7)	   48,701 (3.5)	    1,360 (3.3)	      773 (2.2)	    1,052 (2.9)	    1,731 (2.6)	   24,722 (5.5)	   17,396 (5.6)	    3,373 (4.6)	    8,387 (3.6)	    5,116 (6.1)	    4,199 (2.1)	    1,967 (2.7)	    1,485 (1.4)	    6,911 (3.0)	  281,007 (6.4)	


Stroke	  367,131 (2.1)	  240,370 (2.4)	    2,307 (2.8)	   14,341 (1.0)	      512 (1.2)	      265 (0.8)	      269 (0.7)	      482 (0.7)	    5,774 (1.3)	    3,876 (1.3)	      790 (1.1)	    2,004 (0.9)	    2,069 (2.5)	    1,577 (0.8)	      759 (1.1)	      491 (0.5)	    1,756 (0.8)	   89,489 (2.0)	


CKD defined by egfr<60	  980,671 (5.6)	  639,240 (6.5)	    5,416 (6.7)	   32,602 (2.3)	    1,617 (3.9)	      810 (2.3)	      539 (1.5)	      950 (1.4)	   13,747 (3.1)	    8,744 (2.8)	    1,654 (2.3)	    4,138 (1.8)	    8,411 (10.0)	    4,620 (2.3)	    2,477 (3.4)	    1,024 (1.0)	    3,894 (1.7)	  250,788 (5.7)	


end stage renal failure	   25,074 (0.1)	   13,891 (0.1)	      112 (0.1)	    1,031 (0.1)	       72 (0.2)	       40 (0.1)	       41 (0.1)	       67 (0.1)	    1,064 (0.2)	      794 (0.3)	      133 (0.2)	      402 (0.2)	      312 (0.4)	      385 (0.2)	      174 (0.2)	       87 (0.1)	      276 (0.1)	    6,193 (0.1)	


Cancer	  978,092 (5.5)	  659,526 (6.7)	    5,829 (7.2)	   42,621 (3.1)	    1,089 (2.6)	      695 (2.0)	      700 (1.9)	    1,367 (2.0)	    9,516 (2.1)	    5,393 (1.7)	      927 (1.3)	    4,252 (1.8)	    4,447 (5.3)	    3,287 (1.7)	    1,669 (2.3)	    1,843 (1.7)	    5,060 (2.2)	  229,871 (5.2)	


Autoimmune disease	  897,623 (5.1)	  587,543 (6.0)	    5,229 (6.4)	   43,162 (3.1)	    1,289 (3.1)	      668 (1.9)	    1,226 (3.4)	    1,968 (2.9)	   16,887 (3.8)	   11,752 (3.8)	    2,784 (3.8)	    6,643 (2.9)	    2,738 (3.3)	    2,676 (1.3)	    1,683 (2.3)	    1,810 (1.7)	    5,953 (2.6)	  203,612 (4.6)	


Immunosuppressed (perm or temp)	   93,374 (0.5)	   49,393 (0.5)	      557 (0.7)	    6,051 (0.4)	      416 (1.0)	    1,068 (3.1)	      171 (0.5)	      520 (0.8)	    1,969 (0.4)	    1,299 (0.4)	      219 (0.3)	    1,086 (0.5)	    1,301 (1.5)	    7,368 (3.7)	    1,514 (2.1)	      249 (0.2)	    1,235 (0.5)	   18,958 (0.4)	


Chronic liver disease	  106,157 (0.6)	   64,421 (0.7)	      758 (0.9)	    7,289 (0.5)	      161 (0.4)	      294 (0.8)	      197 (0.5)	      298 (0.4)	    2,116 (0.5)	    2,063 (0.7)	      349 (0.5)	    1,292 (0.6)	      410 (0.5)	    2,200 (1.1)	      575 (0.8)	    1,233 (1.2)	    1,307 (0.6)	   21,194 (0.5)	


Dementia	   31,820 (0.2)	   20,423 (0.2)	      297 (0.4)	    1,166 (0.1)	       56 (0.1)	       14 (0.0)	       14 (0.0)	       18 (0.0)	      529 (0.1)	      367 (0.1)	      101 (0.1)	      159 (0.1)	      331 (0.4)	      113 (0.1)	       60 (0.1)	       39 (0.0)	      145 (0.1)	    7,988 (0.2)	


Neurological disease	  168,798 (1.0)	  111,028 (1.1)	      839 (1.0)	    7,114 (0.5)	      286 (0.7)	      122 (0.3)	      173 (0.5)	      326 (0.5)	    2,471 (0.6)	    2,108 (0.7)	      290 (0.4)	      927 (0.4)	      799 (0.9)	      746 (0.4)	      441 (0.6)	      215 (0.2)	      994 (0.4)	   39,919 (0.9)	


Asthma category	  2715321 (15.4)	  1744757 (17.7)	   11,321 (14.0)	  105,700 (7.6)	    8,883 (21.6)	    3,763 (10.8)	    5,362 (14.8)	    9,123 (13.6)	   50,383 (11.3)	   45,782 (14.8)	    9,694 (13.3)	   23,185 (10.0)	   14,533 (17.3)	   15,045 (7.6)	    9,249 (12.8)	    5,069 (4.8)	   18,289 (8.0)	  635,183 (14.4)	


Chronic Respiratory Diseases	  712,107 (4.0)	  504,558 (5.1)	    5,423 (6.7)	   27,537 (2.0)	      673 (1.6)	      347 (1.0)	      470 (1.3)	      854 (1.3)	    7,059 (1.6)	    6,439 (2.1)	    1,079 (1.5)	    2,859 (1.2)	    2,343 (2.8)	    1,718 (0.9)	    1,023 (1.4)	      588 (0.6)	    3,017 (1.3)	  146,120 (3.3)	


BP med in last 12 months	   28,740 (0.2)	   15,874 (0.2)	      170 (0.2)	    2,019 (0.1)	       93 (0.2)	       48 (0.1)	       44 (0.1)	       87 (0.1)	    1,150 (0.3)	      526 (0.2)	       90 (0.1)	      373 (0.2)	      473 (0.6)	      408 (0.2)	      166 (0.2)	       65 (0.1)	      359 (0.2)	    6,795 (0.2)	

Statin in last 12 months	  2940558 (16.7)	  1898950 (19.3)	   17,290 (21.3)	  120,161 (8.6)	    3,424 (8.3)	    2,378 (6.8)	    2,905 (8.0)	    4,579 (6.8)	   78,863 (17.6)	   52,051 (16.8)	   13,309 (18.2)	   30,872 (13.4)	   14,765 (17.5)	   14,511 (7.3)	    6,062 (8.4)	    5,043 (4.8)	   20,011 (8.7)	  655,384 (14.9)	

Insulin in last 12 months	  261,077 (1.5)	  160,099 (1.6)	      996 (1.2)	   11,275 (0.8)	      604 (1.5)	      400 (1.1)	      340 (0.9)	      610 (0.9)	    7,871 (1.8)	    7,069 (2.3)	    1,689 (2.3)	    2,865 (1.2)	    2,385 (2.8)	    2,531 (1.3)	    1,016 (1.4)	      402 (0.4)	    2,006 (0.9)	   58,919 (1.3)	

