Table 3: Regional breakdown of ethnicity and COVID-19 death
	Total	White	South Asian	Black	Mixed	Other	Unknown

1	 1.76e+07 (100.0)	 1.13e+07 (100.0)	  1059978 (100.0)	  355,264 (100.0)	  179,332 (100.0)	  334,383 (100.0)	  4401095 (100.0)	

Region of England
1	  4094788 (23.2)	  2725694 (24.1)	  170,015 (16.0)	   85,086 (24.0)	   42,309 (23.6)	   62,211 (18.6)	  1009473 (22.9)	
2	  3080432 (17.5)	  2039015 (18.0)	  203,143 (19.2)	   58,210 (16.4)	   29,025 (16.2)	   50,296 (15.0)	  700,743 (15.9)	
3	  1234359 (7.0)	  571,881 (5.1)	  250,595 (23.6)	   88,652 (25.0)	   35,537 (19.8)	   92,099 (27.5)	  195,595 (4.4)	
4	  811,511 (4.6)	  564,980 (5.0)	   28,309 (2.7)	   11,041 (3.1)	    6,376 (3.6)	   13,892 (4.2)	  186,913 (4.2)	
5	  1558370 (8.8)	  1111131 (9.8)	   39,883 (3.8)	    9,139 (2.6)	    6,430 (3.6)	   16,320 (4.9)	  375,467 (8.5)	
6	  1175696 (6.7)	  712,248 (6.3)	   32,211 (3.0)	   13,255 (3.7)	   11,625 (6.5)	   22,704 (6.8)	  383,653 (8.7)	
7	  2461902 (14.0)	  1586567 (14.0)	   37,468 (3.5)	   12,994 (3.7)	   14,881 (8.3)	   23,917 (7.2)	  786,075 (17.9)	
8	  709,683 (4.0)	  378,457 (3.3)	  104,528 (9.9)	   40,142 (11.3)	   13,008 (7.3)	   18,470 (5.5)	  155,078 (3.5)	

COVID-19 deaths by region
Region of England
1	      277 (11.3)	      165 (10.4)	       11 (5.0)	        2 (7.7)	        1 (12.5)	        0 (0.0)	       98 (16.7)	
2	      479 (19.6)	      321 (20.2)	       39 (17.8)	        3 (11.5)	        1 (12.5)	        2 (13.3)	      113 (19.2)	
3	       69 (2.8)	       24 (1.5)	       25 (11.4)	        6 (23.1)	        0 (0.0)	        6 (40.0)	        8 (1.4)	
4	      264 (10.8)	      204 (12.9)	       12 (5.5)	        0 (0.0)	        0 (0.0)	        3 (20.0)	       45 (7.7)	
5	      417 (17.1)	      298 (18.8)	       21 (9.6)	        0 (0.0)	        1 (12.5)	        1 (6.7)	       96 (16.3)	
6	       65 (2.7)	       41 (2.6)	        2 (0.9)	        0 (0.0)	        0 (0.0)	        1 (6.7)	       21 (3.6)	
7	      122 (5.0)	       69 (4.3)	        3 (1.4)	        0 (0.0)	        0 (0.0)	        0 (0.0)	       50 (8.5)	
8	      168 (6.9)	       96 (6.0)	       28 (12.8)	       11 (42.3)	        3 (37.5)	        1 (6.7)	       29 (4.9)	

All deaths by region
Region of England
1	    6,269 (21.2)	    4,150 (20.9)	       71 (8.7)	       38 (15.2)	       26 (25.0)	       23 (18.9)	    1,961 (23.3)	
2	    5,333 (18.0)	    3,751 (18.9)	      180 (22.0)	       40 (16.0)	       18 (17.3)	       30 (24.6)	    1,314 (15.6)	
3	      944 (3.2)	      540 (2.7)	      163 (19.9)	       74 (29.6)	       20 (19.2)	       32 (26.2)	      115 (1.4)	
4	    1,610 (5.4)	    1,231 (6.2)	       27 (3.3)	        7 (2.8)	        3 (2.9)	        3 (2.5)	      339 (4.0)	
5	    3,129 (10.6)	    2,369 (11.9)	       36 (4.4)	        5 (2.0)	        3 (2.9)	        4 (3.3)	      712 (8.4)	
6	    1,940 (6.6)	    1,070 (5.4)	       13 (1.6)	        4 (1.6)	        4 (3.8)	        4 (3.3)	      845 (10.0)	
7	    4,478 (15.1)	    2,748 (13.8)	       17 (2.1)	       12 (4.8)	        7 (6.7)	        8 (6.6)	    1,686 (20.0)	
8	    1,271 (4.3)	      833 (4.2)	       88 (10.7)	       50 (20.0)	       12 (11.5)	        9 (7.4)	      279 (3.3)	

