icu
----------------------------------------------------------------------------------------------------------------------------------------------------------------------
                       (1)                           (2)                           (3)                           (4)                           (5)                    
                 analysi~s                     analysi~s                     analysi~s                     analysi~s                     analysi~s                    
----------------------------------------------------------------------------------------------------------------------------------------------------------------------
White                    1         [1.00,1.00]         1         [1.00,1.00]         1         [1.00,1.00]         1         [1.00,1.00]         1         [1.00,1.00]
South Asian        3.7e-16            [0.00,.]   1.8e-19         [0.00,0.00]   1.9e-18            [0.00,.]   2.1e-18         [0.00,0.00]   2.1e-18         [0.00,0.00]
Black              3.8e-16            [0.00,.]   1.1e-19         [0.00,0.00]   2.3e-18            [0.00,.]   4.2e-19            [0.00,.]   4.2e-19            [0.00,.]
Mixed              3.6e-16            [0.00,.]   5.2e-19         [0.00,0.00]   6.3e-18            [0.00,.]   2.2e-18         [0.00,0.00]   2.2e-18         [0.00,0.00]
Other              3.6e-16            [0.00,.]   2.7e-19         [0.00,0.00]   2.2e-18            [0.00,.]   4.5e-19         [0.00,0.00]   4.5e-19         [0.00,0.00]
Unknown            3.5e-16            [0.00,.]   4.3e-20         [0.00,0.00]   1.2e-17            [0.00,.]   2.6e-19            [0.00,.]   2.6e-19            [0.00,.]
Female                                                 1         [1.00,1.00]         1         [1.00,1.00]         1         [1.00,1.00]         1         [1.00,1.00]
Male                                                0.96         [0.23,3.95]      0.93         [0.22,3.86]      0.70         [0.13,3.87]      0.70         [0.13,3.87]
Age spline 1                                        1.03         [0.79,1.35]      1.05         [0.79,1.39]      1.00         [0.73,1.37]      1.00         [0.73,1.37]
Age spline 2                                        0.87         [0.40,1.92]      0.84         [0.37,1.94]      1.00         [0.39,2.57]      1.00         [0.39,2.57]
Age spline 3                                        1.10         [0.14,8.83]      1.20        [0.13,10.64]      0.68         [0.06,8.37]      0.68         [0.06,8.37]
1 least deprived                                                                     1         [1.00,1.00]         1         [1.00,1.00]         1         [1.00,1.00]
2                                                                                 1.13        [0.09,13.62]      1.35        [0.09,20.81]      1.35        [0.09,20.81]
3                                                                                 1.04        [0.09,12.15]      0.82        [0.06,11.77]      0.82        [0.06,11.77]
4                                                                                 1.65        [0.16,17.18]      0.80        [0.06,10.18]      0.80        [0.06,10.18]
5 most deprived                                                                9.2e-18            [0.00,.]   2.7e-19            [0.00,.]   2.7e-19            [0.00,.]
Underweig..5)                                                                                                      1         [1.00,1.00]         1         [1.00,1.00]
Normal (18.5-~9)                                                                                           2.43078e+09*** [2.06e+08,2.86e+10] 2.43078e+09*** [2.06e+08,2.86e+10]
Overweigh..9 ~4)                                                                                           4.74740e+09*** [4.26e+08,5.29e+10] 4.74740e+09*** [4.26e+08,5.29e+10]
Obese I (..9 ~4)                                                                                             3.1e-09            [0.00,.]   3.1e-09            [0.00,.]
Obese II ..9 ~4)                                                                                           2.95954e+10    [2.96e+10,2.96e+10] 2.95954e+10    [2.96e+10,2.96e+10]
Obese III..5+)                                                                                               2.0e-09            [0.00,.]   2.0e-09            [0.00,.]
Unknown                                                                                                    2.10869e+10*** [1.97e+09,2.26e+11] 2.10869e+10*** [1.97e+09,2.26e+11]
<6.5%                                                                                                              1         [1.00,1.00]         1         [1.00,1.00]
>=6.5-7.4                                                                                                    9.4e-19         [0.00,0.00]   9.4e-19         [0.00,0.00]
>=7.5-7.9                                                                                                       1.40         [1.40,1.40]      1.40         [1.40,1.40]
>=8-8.9                                                                                                      8.9e-16         [0.00,0.00]   8.9e-16         [0.00,0.00]
>=9                                                                                                          3.8e-17         [0.00,0.00]   3.8e-17         [0.00,0.00]
Unknown                                                                                                         0.24         [0.02,2.38]      0.24         [0.02,2.38]
Number of GP c~h                                                                                                1.00         [0.95,1.06]      1.00         [0.95,1.06]
Never                                                                                                              1         [1.00,1.00]         1         [1.00,1.00]
Former                                                                                                          6.00        [0.73,49.62]      6.00        [0.73,49.62]
Current                                                                                                         4.11        [0.35,48.62]      4.11        [0.35,48.62]
Diagnosed hype~0                                                                                                   1         [1.00,1.00]         1         [1.00,1.00]
Diagnosed hype~1                                                                                                1.20         [0.16,8.94]      1.20         [0.16,8.94]
Normal                                                                                                             1         [1.00,1.00]         1         [1.00,1.00]
Elevated                                                                                                        0.80         [0.07,9.01]      0.80         [0.07,9.01]
High, stage I                                                                                                   0.33         [0.03,3.66]      0.33         [0.03,3.66]
High, stage II                                                                                                  0.72         [0.08,6.78]      0.72         [0.08,6.78]
Unknown                                                                                                      3.5e-20         [0.00,0.00]   3.5e-20         [0.00,0.00]
Asthma categor~0                                                                                                   1         [1.00,1.00]         1         [1.00,1.00]
Asthma categor~1                                                                                                1.12        [0.10,12.85]      1.12        [0.10,12.85]
Chronic Respir~0                                                                                                   1         [1.00,1.00]         1         [1.00,1.00]
Chronic Respir~1                                                                                                1.12        [0.10,12.07]      1.12        [0.10,12.07]
Chronic Cardia~0                                                                                                   1         [1.00,1.00]         1         [1.00,1.00]
Chronic Cardia~1                                                                                                1.10        [0.06,19.20]      1.10        [0.06,19.20]
No DM                                                                                                              1         [1.00,1.00]         1         [1.00,1.00]
T1DM                                                                                                         6.3e-21         [0.00,0.00]   6.3e-21         [0.00,0.00]
T2DM                                                                                                         3.8e-20            [0.00,.]   3.8e-20            [0.00,.]
UNKNOWN_DM                                                                                                   5.6e-20            [0.00,.]   5.6e-20            [0.00,.]
Cancer=0                                                                                                           1         [1.00,1.00]         1         [1.00,1.00]
Cancer=1                                                                                                        1.50        [0.09,24.68]      1.50        [0.09,24.68]
Chronic liver ~0                                                                                                   1         [1.00,1.00]         1         [1.00,1.00]
Chronic liver ~1                                                                                             2.1e-19         [0.00,0.00]   2.1e-19         [0.00,0.00]
Stroke=0                                                                                                           1         [1.00,1.00]         1         [1.00,1.00]
Stroke=1                                                                                                     7.1e-20         [0.00,0.00]   7.1e-20         [0.00,0.00]
Dementia=0                                                                                                         1         [1.00,1.00]         1         [1.00,1.00]
Dementia=1                                                                                                   9.5e-20         [0.00,0.00]   9.5e-20         [0.00,0.00]
Neurological d~0                                                                                                   1         [1.00,1.00]         1         [1.00,1.00]
Neurological d~1                                                                                             8.3e-20            [0.00,.]   8.3e-20            [0.00,.]
egfr >=60                                                                                                          1         [1.00,1.00]         1         [1.00,1.00]
eGFR <60                                                                                                        8.08        [0.78,83.78]      8.08        [0.78,83.78]
end stage rena~0                                                                                                   1         [1.00,1.00]         1         [1.00,1.00]
end stage rena~1                                                                                             6.9e-17         [0.00,0.00]   6.9e-17         [0.00,0.00]
Immunosuppress~=                                                                                                   1         [1.00,1.00]         1         [1.00,1.00]
Immunosuppress~=                                                                                             5.4e-19         [0.00,0.00]   5.4e-19         [0.00,0.00]
Autoimmune dis~0                                                                                                   1         [1.00,1.00]         1         [1.00,1.00]
Autoimmune dis~1                                                                                             1.4e-19            [0.00,.]   1.4e-19            [0.00,.]
carehome                                                                                                                                         1         [1.00,1.00]
----------------------------------------------------------------------------------------------------------------------------------------------------------------------
N_sub                71890                         71890                         71890                         71890                         71890                    
----------------------------------------------------------------------------------------------------------------------------------------------------------------------
Exponentiated coefficients; 95% confidence intervals in brackets
* p<0.05, ** p<0.01, *** p<0.001
