tested
----------------------------------------------------------------------------------------------------------------------------------------------------------------------
                       (1)                           (2)                           (3)                           (4)                           (5)                    
                 analysi~s                     analysi~s                     analysi~s                     analysi~s                     analysi~s                    
----------------------------------------------------------------------------------------------------------------------------------------------------------------------
White                    1         [1.00,1.00]         1         [1.00,1.00]         1         [1.00,1.00]         1         [1.00,1.00]         1         [1.00,1.00]
South Asian           1.06         [0.87,1.28]      1.03         [0.85,1.25]      1.00         [0.83,1.21]      0.99         [0.82,1.20]      0.99         [0.82,1.20]
Black                 0.86         [0.68,1.08]      0.84         [0.67,1.07]      0.82         [0.65,1.04]      0.81         [0.64,1.03]      0.81         [0.64,1.03]
Mixed                 1.12         [0.82,1.53]      1.10         [0.80,1.50]      1.08         [0.79,1.48]      1.06         [0.78,1.45]      1.06         [0.78,1.45]
Other                 1.01         [0.77,1.33]      1.00         [0.76,1.31]      1.00         [0.76,1.31]      1.00         [0.76,1.32]      1.00         [0.76,1.32]
Unknown               1.00         [0.96,1.04]      1.01         [0.97,1.05]      1.01         [0.97,1.05]      1.01         [0.97,1.06]      1.01         [0.97,1.06]
Female                                                 1         [1.00,1.00]         1         [1.00,1.00]         1         [1.00,1.00]         1         [1.00,1.00]
Male                                                1.01         [0.97,1.05]      1.00         [0.96,1.04]      1.00         [0.96,1.05]      1.00         [0.96,1.05]
Age spline 1                                        1.01         [0.99,1.02]      1.01         [0.99,1.02]      1.01         [0.99,1.02]      1.01         [0.99,1.02]
Age spline 2                                        0.99         [0.94,1.03]      0.98         [0.94,1.03]      0.98         [0.93,1.02]      0.98         [0.93,1.02]
Age spline 3                                        1.03         [0.93,1.15]      1.04         [0.93,1.16]      1.06         [0.95,1.18]      1.06         [0.95,1.18]
1 least deprived                                                                     1         [1.00,1.00]         1         [1.00,1.00]         1         [1.00,1.00]
2                                                                                 0.99         [0.93,1.04]      0.98         [0.93,1.04]      0.98         [0.93,1.04]
3                                                                                 0.99         [0.93,1.04]      0.99         [0.93,1.04]      0.99         [0.93,1.04]
4                                                                                 1.14***      [1.08,1.20]      1.14***      [1.07,1.20]      1.14***      [1.07,1.20]
5 most deprived                                                                   1.16***      [1.10,1.23]      1.16***      [1.09,1.23]      1.16***      [1.09,1.23]
Underweig..5)                                                                                                      1         [1.00,1.00]         1         [1.00,1.00]
Normal (18.5-~9)                                                                                                1.03         [0.96,1.10]      1.03         [0.96,1.10]
Overweigh..9 ~4)                                                                                                1.05         [0.98,1.13]      1.05         [0.98,1.13]
Obese I (..9 ~4)                                                                                                1.03         [0.95,1.12]      1.03         [0.95,1.12]
Obese II ..9 ~4)                                                                                                1.03         [0.92,1.15]      1.03         [0.92,1.15]
Obese III..5+)                                                                                                  1.11         [0.95,1.28]      1.11         [0.95,1.28]
Unknown                                                                                                         1.00         [0.92,1.09]      1.00         [0.92,1.09]
<6.5%                                                                                                              1         [1.00,1.00]         1         [1.00,1.00]
>=6.5-7.4                                                                                                       0.99         [0.91,1.07]      0.99         [0.91,1.07]
>=7.5-7.9                                                                                                       1.06         [0.92,1.22]      1.06         [0.92,1.22]
>=8-8.9                                                                                                         1.01         [0.88,1.15]      1.01         [0.88,1.15]
>=9                                                                                                             1.03         [0.91,1.18]      1.03         [0.91,1.18]
Unknown                                                                                                         1.02         [0.98,1.06]      1.02         [0.98,1.06]
Number of GP c~h                                                                                                1.00         [1.00,1.00]      1.00         [1.00,1.00]
Never                                                                                                              1         [1.00,1.00]         1         [1.00,1.00]
Former                                                                                                          1.04*        [1.00,1.08]      1.04*        [1.00,1.08]
Current                                                                                                         0.89**       [0.82,0.97]      0.89**       [0.82,0.97]
Diagnosed hype~0                                                                                                   1         [1.00,1.00]         1         [1.00,1.00]
Diagnosed hype~1                                                                                                0.97         [0.94,1.01]      0.97         [0.94,1.01]
Normal                                                                                                             1         [1.00,1.00]         1         [1.00,1.00]
Elevated                                                                                                        1.03         [0.97,1.08]      1.03         [0.97,1.08]
High, stage I                                                                                                   0.96         [0.92,1.01]      0.96         [0.92,1.01]
High, stage II                                                                                                  0.98         [0.94,1.03]      0.98         [0.94,1.03]
Unknown                                                                                                         0.83***      [0.76,0.91]      0.83***      [0.76,0.91]
Asthma categor~0                                                                                                   1         [1.00,1.00]         1         [1.00,1.00]
Asthma categor~1                                                                                                1.05         [1.00,1.11]      1.05         [1.00,1.11]
Chronic Respir~0                                                                                                   1         [1.00,1.00]         1         [1.00,1.00]
Chronic Respir~1                                                                                                0.99         [0.94,1.04]      0.99         [0.94,1.04]
Chronic Cardia~0                                                                                                   1         [1.00,1.00]         1         [1.00,1.00]
Chronic Cardia~1                                                                                                0.96*        [0.92,0.99]      0.96*        [0.92,0.99]
No DM                                                                                                              1         [1.00,1.00]         1         [1.00,1.00]
T1DM                                                                                                            0.95         [0.75,1.20]      0.95         [0.75,1.20]
T2DM                                                                                                            1.05         [0.98,1.11]      1.05         [0.98,1.11]
UNKNOWN_DM                                                                                                      1.01         [0.93,1.11]      1.01         [0.93,1.11]
Cancer=0                                                                                                           1         [1.00,1.00]         1         [1.00,1.00]
Cancer=1                                                                                                        0.99         [0.95,1.04]      0.99         [0.95,1.04]
Chronic liver ~0                                                                                                   1         [1.00,1.00]         1         [1.00,1.00]
Chronic liver ~1                                                                                                0.91         [0.77,1.07]      0.91         [0.77,1.07]
Stroke=0                                                                                                           1         [1.00,1.00]         1         [1.00,1.00]
Stroke=1                                                                                                        0.95*        [0.91,0.99]      0.95*        [0.91,0.99]
Dementia=0                                                                                                         1         [1.00,1.00]         1         [1.00,1.00]
Dementia=1                                                                                                      1.05         [0.99,1.10]      1.05         [0.99,1.10]
Neurological d~0                                                                                                   1         [1.00,1.00]         1         [1.00,1.00]
Neurological d~1                                                                                                0.99         [0.93,1.05]      0.99         [0.93,1.05]
egfr >=60                                                                                                          1         [1.00,1.00]         1         [1.00,1.00]
eGFR <60                                                                                                        1.06**       [1.02,1.11]      1.06**       [1.02,1.11]
end stage rena~0                                                                                                   1         [1.00,1.00]         1         [1.00,1.00]
end stage rena~1                                                                                                0.90         [0.59,1.39]      0.90         [0.59,1.39]
Immunosuppress~=                                                                                                   1         [1.00,1.00]         1         [1.00,1.00]
Immunosuppress~=                                                                                                1.09         [0.82,1.43]      1.09         [0.82,1.43]
Autoimmune dis~0                                                                                                   1         [1.00,1.00]         1         [1.00,1.00]
Autoimmune dis~1                                                                                                0.96         [0.90,1.03]      0.96         [0.90,1.03]
carehome                                                                                                                                         1         [1.00,1.00]
----------------------------------------------------------------------------------------------------------------------------------------------------------------------
N_sub                71890                         71890                         71890                         71890                         71890                    
----------------------------------------------------------------------------------------------------------------------------------------------------------------------
Exponentiated coefficients; 95% confidence intervals in brackets
* p<0.05, ** p<0.01, *** p<0.001
positivetest
----------------------------------------------------------------------------------------------------------------------------------------------------------------------
                       (1)                           (2)                           (3)                           (4)                           (5)                    
                 analysi~s                     analysi~s                     analysi~s                     analysi~s                     analysi~s                    
----------------------------------------------------------------------------------------------------------------------------------------------------------------------
White                    1         [1.00,1.00]         1         [1.00,1.00]         1         [1.00,1.00]         1         [1.00,1.00]         1         [1.00,1.00]
South Asian           0.86         [0.66,1.11]      1.02         [0.79,1.33]      0.98         [0.75,1.28]      0.96         [0.73,1.25]      0.96         [0.73,1.25]
Black                 0.73         [0.53,1.00]      0.85         [0.62,1.16]      0.83         [0.60,1.14]      0.82         [0.60,1.13]      0.82         [0.60,1.13]
Mixed                 0.67         [0.40,1.12]      0.81         [0.48,1.34]      0.80         [0.48,1.34]      0.78         [0.47,1.30]      0.78         [0.47,1.30]
Other                 1.02         [0.71,1.45]      1.17         [0.82,1.67]      1.16         [0.82,1.66]      1.16         [0.81,1.65]      1.16         [0.81,1.65]
Unknown               1.00         [0.95,1.06]      0.99         [0.94,1.04]      0.99         [0.94,1.04]      1.01         [0.96,1.06]      1.01         [0.96,1.06]
Female                                                 1         [1.00,1.00]         1         [1.00,1.00]         1         [1.00,1.00]         1         [1.00,1.00]
Male                                                1.09**       [1.03,1.14]      1.08**       [1.03,1.14]      1.06*        [1.01,1.12]      1.06*        [1.01,1.12]
Age spline 1                                        0.99         [0.96,1.02]      0.99         [0.96,1.02]      0.99         [0.96,1.02]      0.99         [0.96,1.02]
Age spline 2                                        1.12**       [1.04,1.21]      1.12**       [1.03,1.20]      1.09*        [1.01,1.18]      1.09*        [1.01,1.18]
Age spline 3                                        0.74***      [0.61,0.88]      0.74**       [0.62,0.89]      0.79*        [0.66,0.95]      0.79*        [0.66,0.95]
1 least deprived                                                                     1         [1.00,1.00]         1         [1.00,1.00]         1         [1.00,1.00]
2                                                                                 0.82***      [0.76,0.88]      0.82***      [0.76,0.88]      0.82***      [0.76,0.88]
3                                                                                 0.81***      [0.76,0.88]      0.82***      [0.76,0.88]      0.82***      [0.76,0.88]
4                                                                                 1.06         [0.99,1.14]      1.06         [0.99,1.14]      1.06         [0.99,1.14]
5 most deprived                                                                   1.02         [0.95,1.09]      1.01         [0.94,1.09]      1.01         [0.94,1.09]
Underweig..5)                                                                                                      1         [1.00,1.00]         1         [1.00,1.00]
Normal (18.5-~9)                                                                                                1.05         [0.96,1.15]      1.05         [0.96,1.15]
Overweigh..9 ~4)                                                                                                1.08         [0.99,1.19]      1.08         [0.99,1.19]
Obese I (..9 ~4)                                                                                                1.08         [0.97,1.20]      1.08         [0.97,1.20]
Obese II ..9 ~4)                                                                                                1.11         [0.96,1.27]      1.11         [0.96,1.27]
Obese III..5+)                                                                                                  1.17         [0.96,1.42]      1.17         [0.96,1.42]
Unknown                                                                                                         1.01         [0.91,1.12]      1.01         [0.91,1.12]
<6.5%                                                                                                              1         [1.00,1.00]         1         [1.00,1.00]
>=6.5-7.4                                                                                                       0.97         [0.88,1.07]      0.97         [0.88,1.07]
>=7.5-7.9                                                                                                       1.10         [0.93,1.30]      1.10         [0.93,1.30]
>=8-8.9                                                                                                         1.00         [0.84,1.19]      1.00         [0.84,1.19]
>=9                                                                                                             1.18*        [1.01,1.38]      1.18*        [1.01,1.38]
Unknown                                                                                                         0.96         [0.91,1.01]      0.96         [0.91,1.01]
Number of GP c~h                                                                                                1.00***      [1.00,1.00]      1.00***      [1.00,1.00]
Never                                                                                                              1         [1.00,1.00]         1         [1.00,1.00]
Former                                                                                                          1.06*        [1.01,1.11]      1.06*        [1.01,1.11]
Current                                                                                                         0.87*        [0.78,0.97]      0.87*        [0.78,0.97]
Diagnosed hype~0                                                                                                   1         [1.00,1.00]         1         [1.00,1.00]
Diagnosed hype~1                                                                                                1.01         [0.96,1.07]      1.01         [0.96,1.07]
Normal                                                                                                             1         [1.00,1.00]         1         [1.00,1.00]
Elevated                                                                                                        1.02         [0.95,1.09]      1.02         [0.95,1.09]
High, stage I                                                                                                   0.97         [0.91,1.03]      0.97         [0.91,1.03]
High, stage II                                                                                                  0.98         [0.92,1.05]      0.98         [0.92,1.05]
Unknown                                                                                                         0.92         [0.81,1.04]      0.92         [0.81,1.04]
Asthma categor~0                                                                                                   1         [1.00,1.00]         1         [1.00,1.00]
Asthma categor~1                                                                                                1.06         [0.99,1.14]      1.06         [0.99,1.14]
Chronic Respir~0                                                                                                   1         [1.00,1.00]         1         [1.00,1.00]
Chronic Respir~1                                                                                                1.04         [0.97,1.11]      1.04         [0.97,1.11]
Chronic Cardia~0                                                                                                   1         [1.00,1.00]         1         [1.00,1.00]
Chronic Cardia~1                                                                                                0.98         [0.93,1.03]      0.98         [0.93,1.03]
No DM                                                                                                              1         [1.00,1.00]         1         [1.00,1.00]
T1DM                                                                                                            0.98         [0.72,1.32]      0.98         [0.72,1.32]
T2DM                                                                                                            1.07         [1.00,1.16]      1.07         [1.00,1.16]
UNKNOWN_DM                                                                                                      1.03         [0.93,1.15]      1.03         [0.93,1.15]
Cancer=0                                                                                                           1         [1.00,1.00]         1         [1.00,1.00]
Cancer=1                                                                                                        1.08*        [1.02,1.15]      1.08*        [1.02,1.15]
Chronic liver ~0                                                                                                   1         [1.00,1.00]         1         [1.00,1.00]
Chronic liver ~1                                                                                                0.91         [0.74,1.13]      0.91         [0.74,1.13]
Stroke=0                                                                                                           1         [1.00,1.00]         1         [1.00,1.00]
Stroke=1                                                                                                        0.97         [0.92,1.03]      0.97         [0.92,1.03]
Dementia=0                                                                                                         1         [1.00,1.00]         1         [1.00,1.00]
Dementia=1                                                                                                      1.07*        [1.00,1.14]      1.07*        [1.00,1.14]
Neurological d~0                                                                                                   1         [1.00,1.00]         1         [1.00,1.00]
Neurological d~1                                                                                                1.08         [1.00,1.17]      1.08         [1.00,1.17]
egfr >=60                                                                                                          1         [1.00,1.00]         1         [1.00,1.00]
eGFR <60                                                                                                        1.10***      [1.05,1.16]      1.10***      [1.05,1.16]
end stage rena~0                                                                                                   1         [1.00,1.00]         1         [1.00,1.00]
end stage rena~1                                                                                                1.13         [0.68,1.89]      1.13         [0.68,1.89]
Immunosuppress~=                                                                                                   1         [1.00,1.00]         1         [1.00,1.00]
Immunosuppress~=                                                                                                1.10         [0.77,1.57]      1.10         [0.77,1.57]
Autoimmune dis~0                                                                                                   1         [1.00,1.00]         1         [1.00,1.00]
Autoimmune dis~1                                                                                                1.00         [0.92,1.09]      1.00         [0.92,1.09]
carehome                                                                                                                                         1         [1.00,1.00]
----------------------------------------------------------------------------------------------------------------------------------------------------------------------
N_sub                71890                         71890                         71890                         71890                         71890                    
----------------------------------------------------------------------------------------------------------------------------------------------------------------------
Exponentiated coefficients; 95% confidence intervals in brackets
* p<0.05, ** p<0.01, *** p<0.001
hes
----------------------------------------------------------------------------------------------------------------------------------------------------------------------
                       (1)                           (2)                           (3)                           (4)                           (5)                    
                 analysi~s                     analysi~s                     analysi~s                     analysi~s                     analysi~s                    
----------------------------------------------------------------------------------------------------------------------------------------------------------------------
White                    1         [1.00,1.00]         1         [1.00,1.00]         1         [1.00,1.00]         1         [1.00,1.00]         1         [1.00,1.00]
South Asian           1.54         [0.79,2.99]      1.70         [0.87,3.33]      1.58         [0.80,3.10]      1.53         [0.78,3.02]      1.53         [0.78,3.02]
Black                 1.42         [0.67,3.03]      1.53         [0.72,3.27]      1.45         [0.68,3.09]      1.45         [0.68,3.10]      1.45         [0.68,3.10]
Mixed                 1.72         [0.55,5.38]      1.95         [0.62,6.12]      1.90         [0.61,5.97]      1.83         [0.58,5.76]      1.83         [0.58,5.76]
Other                 0.88         [0.22,3.54]      1.07         [0.27,4.32]      1.04         [0.26,4.21]      1.00         [0.25,4.05]      1.00         [0.25,4.05]
Unknown               1.03         [0.85,1.25]      1.04         [0.86,1.26]      1.05         [0.87,1.27]      1.08         [0.89,1.30]      1.08         [0.89,1.30]
Female                                                 1         [1.00,1.00]         1         [1.00,1.00]         1         [1.00,1.00]         1         [1.00,1.00]
Male                                                1.91***      [1.62,2.26]      1.90***      [1.61,2.24]      1.79***      [1.51,2.12]      1.79***      [1.51,2.12]
Age spline 1                                        1.06         [0.90,1.25]      1.06         [0.90,1.25]      1.06         [0.90,1.25]      1.06         [0.90,1.25]
Age spline 2                                        1.05         [0.73,1.51]      1.05         [0.73,1.51]      1.01         [0.70,1.46]      1.01         [0.70,1.46]
Age spline 3                                        0.77         [0.34,1.77]      0.78         [0.34,1.79]      0.86         [0.37,2.01]      0.86         [0.37,2.01]
1 least deprived                                                                     1         [1.00,1.00]         1         [1.00,1.00]         1         [1.00,1.00]
2                                                                                 1.01         [0.75,1.36]      1.01         [0.75,1.36]      1.01         [0.75,1.36]
3                                                                                 1.03         [0.77,1.39]      1.03         [0.77,1.39]      1.03         [0.77,1.39]
4                                                                                 1.46**       [1.12,1.91]      1.45**       [1.11,1.89]      1.45**       [1.11,1.89]
5 most deprived                                                                   1.40*        [1.07,1.83]      1.37*        [1.05,1.80]      1.37*        [1.05,1.80]
Underweig..5)                                                                                                      1         [1.00,1.00]         1         [1.00,1.00]
Normal (18.5-~9)                                                                                                0.89         [0.65,1.23]      0.89         [0.65,1.23]
Overweigh..9 ~4)                                                                                                1.11         [0.80,1.54]      1.11         [0.80,1.54]
Obese I (..9 ~4)                                                                                                1.00         [0.69,1.46]      1.00         [0.69,1.46]
Obese II ..9 ~4)                                                                                                0.88         [0.53,1.46]      0.88         [0.53,1.46]
Obese III..5+)                                                                                                  0.98         [0.50,1.91]      0.98         [0.50,1.91]
Unknown                                                                                                         1.25         [0.86,1.83]      1.25         [0.86,1.83]
<6.5%                                                                                                              1         [1.00,1.00]         1         [1.00,1.00]
>=6.5-7.4                                                                                                       0.83         [0.59,1.17]      0.83         [0.59,1.17]
>=7.5-7.9                                                                                                       0.89         [0.49,1.60]      0.89         [0.49,1.60]
>=8-8.9                                                                                                         0.98         [0.57,1.69]      0.98         [0.57,1.69]
>=9                                                                                                             1.68*        [1.08,2.60]      1.68*        [1.08,2.60]
Unknown                                                                                                         0.96         [0.78,1.18]      0.96         [0.78,1.18]
Number of GP c~h                                                                                                1.01**       [1.00,1.01]      1.01**       [1.00,1.01]
Never                                                                                                              1         [1.00,1.00]         1         [1.00,1.00]
Former                                                                                                          1.18         [0.99,1.41]      1.18         [0.99,1.41]
Current                                                                                                         1.13         [0.81,1.58]      1.13         [0.81,1.58]
Diagnosed hype~0                                                                                                   1         [1.00,1.00]         1         [1.00,1.00]
Diagnosed hype~1                                                                                                1.11         [0.92,1.33]      1.11         [0.92,1.33]
Normal                                                                                                             1         [1.00,1.00]         1         [1.00,1.00]
Elevated                                                                                                        1.14         [0.89,1.45]      1.14         [0.89,1.45]
High, stage I                                                                                                   1.18         [0.95,1.46]      1.18         [0.95,1.46]
High, stage II                                                                                                  1.11         [0.89,1.39]      1.11         [0.89,1.39]
Unknown                                                                                                         0.82         [0.49,1.37]      0.82         [0.49,1.37]
Asthma categor~0                                                                                                   1         [1.00,1.00]         1         [1.00,1.00]
Asthma categor~1                                                                                                1.02         [0.79,1.31]      1.02         [0.79,1.31]
Chronic Respir~0                                                                                                   1         [1.00,1.00]         1         [1.00,1.00]
Chronic Respir~1                                                                                                1.56***      [1.28,1.91]      1.56***      [1.28,1.91]
Chronic Cardia~0                                                                                                   1         [1.00,1.00]         1         [1.00,1.00]
Chronic Cardia~1                                                                                                1.02         [0.85,1.21]      1.02         [0.85,1.21]
No DM                                                                                                              1         [1.00,1.00]         1         [1.00,1.00]
T1DM                                                                                                            0.80         [0.28,2.24]      0.80         [0.28,2.24]
T2DM                                                                                                            1.18         [0.92,1.52]      1.18         [0.92,1.52]
UNKNOWN_DM                                                                                                      1.17         [0.82,1.67]      1.17         [0.82,1.67]
Cancer=0                                                                                                           1         [1.00,1.00]         1         [1.00,1.00]
Cancer=1                                                                                                        1.21         [0.98,1.49]      1.21         [0.98,1.49]
Chronic liver ~0                                                                                                   1         [1.00,1.00]         1         [1.00,1.00]
Chronic liver ~1                                                                                                0.18*        [0.04,0.72]      0.18*        [0.04,0.72]
Stroke=0                                                                                                           1         [1.00,1.00]         1         [1.00,1.00]
Stroke=1                                                                                                        1.02         [0.84,1.23]      1.02         [0.84,1.23]
Dementia=0                                                                                                         1         [1.00,1.00]         1         [1.00,1.00]
Dementia=1                                                                                                      1.00         [0.80,1.25]      1.00         [0.80,1.25]
Neurological d~0                                                                                                   1         [1.00,1.00]         1         [1.00,1.00]
Neurological d~1                                                                                                1.10         [0.84,1.44]      1.10         [0.84,1.44]
egfr >=60                                                                                                          1         [1.00,1.00]         1         [1.00,1.00]
eGFR <60                                                                                                        1.36***      [1.14,1.61]      1.36***      [1.14,1.61]
end stage rena~0                                                                                                   1         [1.00,1.00]         1         [1.00,1.00]
end stage rena~1                                                                                                1.12         [0.27,4.57]      1.12         [0.27,4.57]
Immunosuppress~=                                                                                                   1         [1.00,1.00]         1         [1.00,1.00]
Immunosuppress~=                                                                                                1.12         [0.36,3.54]      1.12         [0.36,3.54]
Autoimmune dis~0                                                                                                   1         [1.00,1.00]         1         [1.00,1.00]
Autoimmune dis~1                                                                                                1.08         [0.81,1.45]      1.08         [0.81,1.45]
carehome                                                                                                                                         1         [1.00,1.00]
----------------------------------------------------------------------------------------------------------------------------------------------------------------------
N_sub                71890                         71890                         71890                         71890                         71890                    
----------------------------------------------------------------------------------------------------------------------------------------------------------------------
Exponentiated coefficients; 95% confidence intervals in brackets
* p<0.05, ** p<0.01, *** p<0.001
icu
----------------------------------------------------------------------------------------------------------------------------------------------------------------------
                       (1)                           (2)                           (3)                           (4)                           (5)                    
                 analysi~s                     analysi~s                     analysi~s                     analysi~s                     analysi~s                    
----------------------------------------------------------------------------------------------------------------------------------------------------------------------
White                    1         [1.00,1.00]         1         [1.00,1.00]         1         [1.00,1.00]         1         [1.00,1.00]         1         [1.00,1.00]
South Asian        3.7e-16            [0.00,.]   1.8e-19         [0.00,0.00]   1.9e-18            [0.00,.]   2.1e-18         [0.00,0.00]   2.1e-18         [0.00,0.00]
Black              3.8e-16            [0.00,.]   1.1e-19         [0.00,0.00]   2.3e-18            [0.00,.]   4.2e-19            [0.00,.]   4.2e-19            [0.00,.]
Mixed              3.6e-16            [0.00,.]   5.2e-19         [0.00,0.00]   6.3e-18            [0.00,.]   2.2e-18         [0.00,0.00]   2.2e-18         [0.00,0.00]
Other              3.6e-16            [0.00,.]   2.7e-19         [0.00,0.00]   2.2e-18            [0.00,.]   4.5e-19         [0.00,0.00]   4.5e-19         [0.00,0.00]
Unknown            3.5e-16            [0.00,.]   4.3e-20         [0.00,0.00]   1.2e-17            [0.00,.]   2.6e-19            [0.00,.]   2.6e-19            [0.00,.]
Female                                                 1         [1.00,1.00]         1         [1.00,1.00]         1         [1.00,1.00]         1         [1.00,1.00]
Male                                                0.96         [0.23,3.95]      0.93         [0.22,3.86]      0.70         [0.13,3.87]      0.70         [0.13,3.87]
Age spline 1                                        1.03         [0.79,1.35]      1.05         [0.79,1.39]      1.00         [0.73,1.37]      1.00         [0.73,1.37]
Age spline 2                                        0.87         [0.40,1.92]      0.84         [0.37,1.94]      1.00         [0.39,2.57]      1.00         [0.39,2.57]
Age spline 3                                        1.10         [0.14,8.83]      1.20        [0.13,10.64]      0.68         [0.06,8.37]      0.68         [0.06,8.37]
1 least deprived                                                                     1         [1.00,1.00]         1         [1.00,1.00]         1         [1.00,1.00]
2                                                                                 1.13        [0.09,13.62]      1.35        [0.09,20.81]      1.35        [0.09,20.81]
3                                                                                 1.04        [0.09,12.15]      0.82        [0.06,11.77]      0.82        [0.06,11.77]
4                                                                                 1.65        [0.16,17.18]      0.80        [0.06,10.18]      0.80        [0.06,10.18]
5 most deprived                                                                9.2e-18            [0.00,.]   2.7e-19            [0.00,.]   2.7e-19            [0.00,.]
Underweig..5)                                                                                                      1         [1.00,1.00]         1         [1.00,1.00]
Normal (18.5-~9)                                                                                           2.43078e+09*** [2.06e+08,2.86e+10] 2.43078e+09*** [2.06e+08,2.86e+10]
Overweigh..9 ~4)                                                                                           4.74740e+09*** [4.26e+08,5.29e+10] 4.74740e+09*** [4.26e+08,5.29e+10]
Obese I (..9 ~4)                                                                                             3.1e-09            [0.00,.]   3.1e-09            [0.00,.]
Obese II ..9 ~4)                                                                                           2.95954e+10    [2.96e+10,2.96e+10] 2.95954e+10    [2.96e+10,2.96e+10]
Obese III..5+)                                                                                               2.0e-09            [0.00,.]   2.0e-09            [0.00,.]
Unknown                                                                                                    2.10869e+10*** [1.97e+09,2.26e+11] 2.10869e+10*** [1.97e+09,2.26e+11]
<6.5%                                                                                                              1         [1.00,1.00]         1         [1.00,1.00]
>=6.5-7.4                                                                                                    9.4e-19         [0.00,0.00]   9.4e-19         [0.00,0.00]
>=7.5-7.9                                                                                                       1.40         [1.40,1.40]      1.40         [1.40,1.40]
>=8-8.9                                                                                                      8.9e-16         [0.00,0.00]   8.9e-16         [0.00,0.00]
>=9                                                                                                          3.8e-17         [0.00,0.00]   3.8e-17         [0.00,0.00]
Unknown                                                                                                         0.24         [0.02,2.38]      0.24         [0.02,2.38]
Number of GP c~h                                                                                                1.00         [0.95,1.06]      1.00         [0.95,1.06]
Never                                                                                                              1         [1.00,1.00]         1         [1.00,1.00]
Former                                                                                                          6.00        [0.73,49.62]      6.00        [0.73,49.62]
Current                                                                                                         4.11        [0.35,48.62]      4.11        [0.35,48.62]
Diagnosed hype~0                                                                                                   1         [1.00,1.00]         1         [1.00,1.00]
Diagnosed hype~1                                                                                                1.20         [0.16,8.94]      1.20         [0.16,8.94]
Normal                                                                                                             1         [1.00,1.00]         1         [1.00,1.00]
Elevated                                                                                                        0.80         [0.07,9.01]      0.80         [0.07,9.01]
High, stage I                                                                                                   0.33         [0.03,3.66]      0.33         [0.03,3.66]
High, stage II                                                                                                  0.72         [0.08,6.78]      0.72         [0.08,6.78]
Unknown                                                                                                      3.5e-20         [0.00,0.00]   3.5e-20         [0.00,0.00]
Asthma categor~0                                                                                                   1         [1.00,1.00]         1         [1.00,1.00]
Asthma categor~1                                                                                                1.12        [0.10,12.85]      1.12        [0.10,12.85]
Chronic Respir~0                                                                                                   1         [1.00,1.00]         1         [1.00,1.00]
Chronic Respir~1                                                                                                1.12        [0.10,12.07]      1.12        [0.10,12.07]
Chronic Cardia~0                                                                                                   1         [1.00,1.00]         1         [1.00,1.00]
Chronic Cardia~1                                                                                                1.10        [0.06,19.20]      1.10        [0.06,19.20]
No DM                                                                                                              1         [1.00,1.00]         1         [1.00,1.00]
T1DM                                                                                                         6.3e-21         [0.00,0.00]   6.3e-21         [0.00,0.00]
T2DM                                                                                                         3.8e-20            [0.00,.]   3.8e-20            [0.00,.]
UNKNOWN_DM                                                                                                   5.6e-20            [0.00,.]   5.6e-20            [0.00,.]
Cancer=0                                                                                                           1         [1.00,1.00]         1         [1.00,1.00]
Cancer=1                                                                                                        1.50        [0.09,24.68]      1.50        [0.09,24.68]
Chronic liver ~0                                                                                                   1         [1.00,1.00]         1         [1.00,1.00]
Chronic liver ~1                                                                                             2.1e-19         [0.00,0.00]   2.1e-19         [0.00,0.00]
Stroke=0                                                                                                           1         [1.00,1.00]         1         [1.00,1.00]
Stroke=1                                                                                                     7.1e-20         [0.00,0.00]   7.1e-20         [0.00,0.00]
Dementia=0                                                                                                         1         [1.00,1.00]         1         [1.00,1.00]
Dementia=1                                                                                                   9.5e-20         [0.00,0.00]   9.5e-20         [0.00,0.00]
Neurological d~0                                                                                                   1         [1.00,1.00]         1         [1.00,1.00]
Neurological d~1                                                                                             8.3e-20            [0.00,.]   8.3e-20            [0.00,.]
egfr >=60                                                                                                          1         [1.00,1.00]         1         [1.00,1.00]
eGFR <60                                                                                                        8.08        [0.78,83.78]      8.08        [0.78,83.78]
end stage rena~0                                                                                                   1         [1.00,1.00]         1         [1.00,1.00]
end stage rena~1                                                                                             6.9e-17         [0.00,0.00]   6.9e-17         [0.00,0.00]
Immunosuppress~=                                                                                                   1         [1.00,1.00]         1         [1.00,1.00]
Immunosuppress~=                                                                                             5.4e-19         [0.00,0.00]   5.4e-19         [0.00,0.00]
Autoimmune dis~0                                                                                                   1         [1.00,1.00]         1         [1.00,1.00]
Autoimmune dis~1                                                                                             1.4e-19            [0.00,.]   1.4e-19            [0.00,.]
carehome                                                                                                                                         1         [1.00,1.00]
----------------------------------------------------------------------------------------------------------------------------------------------------------------------
N_sub                71890                         71890                         71890                         71890                         71890                    
----------------------------------------------------------------------------------------------------------------------------------------------------------------------
Exponentiated coefficients; 95% confidence intervals in brackets
* p<0.05, ** p<0.01, *** p<0.001
onscoviddeath
----------------------------------------------------------------------------------------------------------------------------------------------------------------------
                       (1)                           (2)                           (3)                           (4)                           (5)                    
                 analysi~s                     analysi~s                     analysi~s                     analysi~s                     analysi~s                    
----------------------------------------------------------------------------------------------------------------------------------------------------------------------
White                    1         [1.00,1.00]         1         [1.00,1.00]         1         [1.00,1.00]         1         [1.00,1.00]         1         [1.00,1.00]
South Asian           1.22         [0.73,2.04]      1.94*        [1.16,3.26]      1.82*        [1.08,3.07]      1.81*        [1.07,3.05]      1.81*        [1.07,3.05]
Black                 0.68         [0.30,1.52]      0.96         [0.43,2.15]      0.94         [0.42,2.10]      0.94         [0.42,2.11]      0.94         [0.42,2.11]
Mixed                 0.56         [0.14,2.26]      0.85         [0.21,3.40]      0.85         [0.21,3.40]      0.83         [0.21,3.34]      0.83         [0.21,3.34]
Other                 1.03         [0.43,2.48]      1.47         [0.61,3.54]      1.44         [0.60,3.47]      1.39         [0.58,3.36]      1.39         [0.58,3.36]
Unknown               1.07         [0.94,1.21]      1.01         [0.89,1.14]      1.01         [0.90,1.15]      1.04         [0.92,1.18]      1.04         [0.92,1.18]
Female                                                 1         [1.00,1.00]         1         [1.00,1.00]         1         [1.00,1.00]         1         [1.00,1.00]
Male                                                2.06***      [1.85,2.30]      2.06***      [1.84,2.29]      1.92***      [1.71,2.15]      1.92***      [1.71,2.15]
Age spline 1                                        0.85         [0.68,1.06]      0.85         [0.68,1.06]      0.87         [0.69,1.09]      0.87         [0.69,1.09]
Age spline 2                                        2.17**       [1.27,3.69]      2.18**       [1.28,3.72]      2.01*        [1.17,3.43]      2.01*        [1.17,3.43]
Age spline 3                                        0.14**       [0.04,0.47]      0.13**       [0.04,0.47]      0.17**       [0.05,0.58]      0.17**       [0.05,0.58]
1 least deprived                                                                     1         [1.00,1.00]         1         [1.00,1.00]         1         [1.00,1.00]
2                                                                                 0.69***      [0.58,0.83]      0.69***      [0.58,0.83]      0.69***      [0.58,0.83]
3                                                                                 0.77**       [0.64,0.92]      0.76**       [0.64,0.91]      0.76**       [0.64,0.91]
4                                                                                 1.22*        [1.04,1.42]      1.20*        [1.03,1.41]      1.20*        [1.03,1.41]
5 most deprived                                                                   0.93         [0.78,1.09]      0.92         [0.77,1.08]      0.92         [0.77,1.08]
Underweig..5)                                                                                                      1         [1.00,1.00]         1         [1.00,1.00]
Normal (18.5-~9)                                                                                                0.87         [0.72,1.06]      0.87         [0.72,1.06]
Overweigh..9 ~4)                                                                                                0.85         [0.69,1.04]      0.85         [0.69,1.04]
Obese I (..9 ~4)                                                                                                0.76*        [0.59,0.97]      0.76*        [0.59,0.97]
Obese II ..9 ~4)                                                                                                0.82         [0.58,1.16]      0.82         [0.58,1.16]
Obese III..5+)                                                                                                  0.76         [0.44,1.30]      0.76         [0.44,1.30]
Unknown                                                                                                         0.86         [0.68,1.10]      0.86         [0.68,1.10]
<6.5%                                                                                                              1         [1.00,1.00]         1         [1.00,1.00]
>=6.5-7.4                                                                                                       1.16         [0.93,1.45]      1.16         [0.93,1.45]
>=7.5-7.9                                                                                                       1.19         [0.81,1.75]      1.19         [0.81,1.75]
>=8-8.9                                                                                                         1.26         [0.87,1.82]      1.26         [0.87,1.82]
>=9                                                                                                             1.49*        [1.05,2.10]      1.49*        [1.05,2.10]
Unknown                                                                                                         1.00         [0.87,1.14]      1.00         [0.87,1.14]
Number of GP c~h                                                                                                1.00*        [1.00,1.01]      1.00*        [1.00,1.01]
Never                                                                                                              1         [1.00,1.00]         1         [1.00,1.00]
Former                                                                                                          1.27***      [1.13,1.42]      1.27***      [1.13,1.42]
Current                                                                                                         0.99         [0.74,1.32]      0.99         [0.74,1.32]
Diagnosed hype~0                                                                                                   1         [1.00,1.00]         1         [1.00,1.00]
Diagnosed hype~1                                                                                                0.89*        [0.79,1.00]      0.89*        [0.79,1.00]
Normal                                                                                                             1         [1.00,1.00]         1         [1.00,1.00]
Elevated                                                                                                        0.97         [0.83,1.13]      0.97         [0.83,1.13]
High, stage I                                                                                                   0.90         [0.78,1.03]      0.90         [0.78,1.03]
High, stage II                                                                                                  0.78***      [0.67,0.91]      0.78***      [0.67,0.91]
Unknown                                                                                                         1.02         [0.76,1.36]      1.02         [0.76,1.36]
Asthma categor~0                                                                                                   1         [1.00,1.00]         1         [1.00,1.00]
Asthma categor~1                                                                                                1.06         [0.90,1.26]      1.06         [0.90,1.26]
Chronic Respir~0                                                                                                   1         [1.00,1.00]         1         [1.00,1.00]
Chronic Respir~1                                                                                                1.09         [0.94,1.26]      1.09         [0.94,1.26]
Chronic Cardia~0                                                                                                   1         [1.00,1.00]         1         [1.00,1.00]
Chronic Cardia~1                                                                                                1.05         [0.94,1.18]      1.05         [0.94,1.18]
No DM                                                                                                              1         [1.00,1.00]         1         [1.00,1.00]
T1DM                                                                                                            0.67         [0.29,1.53]      0.67         [0.29,1.53]
T2DM                                                                                                            1.09         [0.91,1.29]      1.09         [0.91,1.29]
UNKNOWN_DM                                                                                                      0.94         [0.72,1.22]      0.94         [0.72,1.22]
Cancer=0                                                                                                           1         [1.00,1.00]         1         [1.00,1.00]
Cancer=1                                                                                                        0.99         [0.86,1.15]      0.99         [0.86,1.15]
Chronic liver ~0                                                                                                   1         [1.00,1.00]         1         [1.00,1.00]
Chronic liver ~1                                                                                                0.51         [0.25,1.02]      0.51         [0.25,1.02]
Stroke=0                                                                                                           1         [1.00,1.00]         1         [1.00,1.00]
Stroke=1                                                                                                        0.98         [0.87,1.12]      0.98         [0.87,1.12]
Dementia=0                                                                                                         1         [1.00,1.00]         1         [1.00,1.00]
Dementia=1                                                                                                      1.14         [0.99,1.32]      1.14         [0.99,1.32]
Neurological d~0                                                                                                   1         [1.00,1.00]         1         [1.00,1.00]
Neurological d~1                                                                                                1.18         [0.98,1.42]      1.18         [0.98,1.42]
egfr >=60                                                                                                          1         [1.00,1.00]         1         [1.00,1.00]
eGFR <60                                                                                                        1.23***      [1.10,1.38]      1.23***      [1.10,1.38]
end stage rena~0                                                                                                   1         [1.00,1.00]         1         [1.00,1.00]
end stage rena~1                                                                                                0.84         [0.21,3.40]      0.84         [0.21,3.40]
Immunosuppress~=                                                                                                   1         [1.00,1.00]         1         [1.00,1.00]
Immunosuppress~=                                                                                                1.18         [0.53,2.64]      1.18         [0.53,2.64]
Autoimmune dis~0                                                                                                   1         [1.00,1.00]         1         [1.00,1.00]
Autoimmune dis~1                                                                                                1.30**       [1.08,1.55]      1.30**       [1.08,1.55]
carehome                                                                                                                                         1         [1.00,1.00]
----------------------------------------------------------------------------------------------------------------------------------------------------------------------
N_sub                71890                         71890                         71890                         71890                         71890                    
----------------------------------------------------------------------------------------------------------------------------------------------------------------------
Exponentiated coefficients; 95% confidence intervals in brackets
* p<0.05, ** p<0.01, *** p<0.001
ons_noncoviddeath
----------------------------------------------------------------------------------------------------------------------------------------------------------------------
                       (1)                           (2)                           (3)                           (4)                           (5)                    
                 analysi~s                     analysi~s                     analysi~s                     analysi~s                     analysi~s                    
----------------------------------------------------------------------------------------------------------------------------------------------------------------------
White                    1         [1.00,1.00]         1         [1.00,1.00]         1         [1.00,1.00]         1         [1.00,1.00]         1         [1.00,1.00]
South Asian           0.57**       [0.40,0.82]      0.92         [0.63,1.33]      0.91         [0.63,1.31]      0.89         [0.61,1.29]      0.89         [0.61,1.29]
Black                 0.46**       [0.29,0.73]      0.71         [0.45,1.13]      0.71         [0.44,1.13]      0.73         [0.46,1.16]      0.73         [0.46,1.16]
Mixed                 0.34**       [0.15,0.77]      0.57         [0.26,1.27]      0.57         [0.26,1.28]      0.61         [0.27,1.35]      0.61         [0.27,1.35]
Other                 0.40**       [0.21,0.74]      0.56         [0.30,1.04]      0.56         [0.30,1.03]      0.54         [0.29,1.00]      0.54         [0.29,1.00]
Unknown               1.12***      [1.06,1.19]      1.05         [0.99,1.11]      1.05         [0.99,1.11]      1.07*        [1.01,1.13]      1.07*        [1.01,1.13]
Female                                                 1         [1.00,1.00]         1         [1.00,1.00]         1         [1.00,1.00]         1         [1.00,1.00]
Male                                                1.44***      [1.37,1.53]      1.44***      [1.37,1.53]      1.39***      [1.31,1.47]      1.39***      [1.31,1.47]
Age spline 1                                        1.03         [0.88,1.20]      1.03         [0.88,1.20]      1.04         [0.89,1.23]      1.04         [0.89,1.23]
Age spline 2                                        1.27         [0.92,1.75]      1.27         [0.92,1.75]      1.19         [0.85,1.66]      1.19         [0.85,1.66]
Age spline 3                                        0.50         [0.25,1.03]      0.50         [0.25,1.03]      0.59         [0.28,1.23]      0.59         [0.28,1.23]
1 least deprived                                                                     1         [1.00,1.00]         1         [1.00,1.00]         1         [1.00,1.00]
2                                                                                 0.98         [0.91,1.06]      0.99         [0.91,1.07]      0.99         [0.91,1.07]
3                                                                                 1.03         [0.95,1.11]      1.03         [0.96,1.12]      1.03         [0.96,1.12]
4                                                                                 1.08         [1.00,1.17]      1.07         [0.99,1.16]      1.07         [0.99,1.16]
5 most deprived                                                                   1.01         [0.93,1.11]      1.00         [0.92,1.10]      1.00         [0.92,1.10]
Underweig..5)                                                                                                      1         [1.00,1.00]         1         [1.00,1.00]
Normal (18.5-~9)                                                                                                0.69***      [0.64,0.75]      0.69***      [0.64,0.75]
Overweigh..9 ~4)                                                                                                0.59***      [0.54,0.64]      0.59***      [0.54,0.64]
Obese I (..9 ~4)                                                                                                0.50***      [0.44,0.56]      0.50***      [0.44,0.56]
Obese II ..9 ~4)                                                                                                0.53***      [0.44,0.63]      0.53***      [0.44,0.63]
Obese III..5+)                                                                                                  0.62***      [0.48,0.81]      0.62***      [0.48,0.81]
Unknown                                                                                                         0.74***      [0.67,0.82]      0.74***      [0.67,0.82]
<6.5%                                                                                                              1         [1.00,1.00]         1         [1.00,1.00]
>=6.5-7.4                                                                                                       1.03         [0.92,1.15]      1.03         [0.92,1.15]
>=7.5-7.9                                                                                                       1.17         [0.97,1.41]      1.17         [0.97,1.41]
>=8-8.9                                                                                                         1.15         [0.96,1.39]      1.15         [0.96,1.39]
>=9                                                                                                             0.80*        [0.64,0.99]      0.80*        [0.64,0.99]
Unknown                                                                                                         1.11***      [1.04,1.18]      1.11***      [1.04,1.18]
Number of GP c~h                                                                                                1.01***      [1.01,1.01]      1.01***      [1.01,1.01]
Never                                                                                                              1         [1.00,1.00]         1         [1.00,1.00]
Former                                                                                                          1.04         [0.98,1.09]      1.04         [0.98,1.09]
Current                                                                                                         0.90         [0.78,1.04]      0.90         [0.78,1.04]
Diagnosed hype~0                                                                                                   1         [1.00,1.00]         1         [1.00,1.00]
Diagnosed hype~1                                                                                                1.06*        [1.00,1.12]      1.06*        [1.00,1.12]
Normal                                                                                                             1         [1.00,1.00]         1         [1.00,1.00]
Elevated                                                                                                        0.86***      [0.80,0.93]      0.86***      [0.80,0.93]
High, stage I                                                                                                   0.83***      [0.77,0.89]      0.83***      [0.77,0.89]
High, stage II                                                                                                  0.81***      [0.75,0.86]      0.81***      [0.75,0.86]
Unknown                                                                                                         0.82**       [0.70,0.95]      0.82**       [0.70,0.95]
Asthma categor~0                                                                                                   1         [1.00,1.00]         1         [1.00,1.00]
Asthma categor~1                                                                                                0.91*        [0.84,0.99]      0.91*        [0.84,0.99]
Chronic Respir~0                                                                                                   1         [1.00,1.00]         1         [1.00,1.00]
Chronic Respir~1                                                                                                1.18***      [1.10,1.26]      1.18***      [1.10,1.26]
Chronic Cardia~0                                                                                                   1         [1.00,1.00]         1         [1.00,1.00]
Chronic Cardia~1                                                                                                1.16***      [1.10,1.23]      1.16***      [1.10,1.23]
No DM                                                                                                              1         [1.00,1.00]         1         [1.00,1.00]
T1DM                                                                                                            1.29         [0.92,1.81]      1.29         [0.92,1.81]
T2DM                                                                                                            1.13**       [1.04,1.23]      1.13**       [1.04,1.23]
UNKNOWN_DM                                                                                                      0.96         [0.85,1.09]      0.96         [0.85,1.09]
Cancer=0                                                                                                           1         [1.00,1.00]         1         [1.00,1.00]
Cancer=1                                                                                                        1.39***      [1.31,1.48]      1.39***      [1.31,1.48]
Chronic liver ~0                                                                                                   1         [1.00,1.00]         1         [1.00,1.00]
Chronic liver ~1                                                                                                1.42**       [1.14,1.78]      1.42**       [1.14,1.78]
Stroke=0                                                                                                           1         [1.00,1.00]         1         [1.00,1.00]
Stroke=1                                                                                                        1.06*        [1.00,1.13]      1.06*        [1.00,1.13]
Dementia=0                                                                                                         1         [1.00,1.00]         1         [1.00,1.00]
Dementia=1                                                                                                      1.14***      [1.07,1.22]      1.14***      [1.07,1.22]
Neurological d~0                                                                                                   1         [1.00,1.00]         1         [1.00,1.00]
Neurological d~1                                                                                                1.05         [0.95,1.15]      1.05         [0.95,1.15]
egfr >=60                                                                                                          1         [1.00,1.00]         1         [1.00,1.00]
eGFR <60                                                                                                        1.03         [0.98,1.09]      1.03         [0.98,1.09]
end stage rena~0                                                                                                   1         [1.00,1.00]         1         [1.00,1.00]
end stage rena~1                                                                                                1.77*        [1.08,2.90]      1.77*        [1.08,2.90]
Immunosuppress~=                                                                                                   1         [1.00,1.00]         1         [1.00,1.00]
Immunosuppress~=                                                                                                1.03         [0.69,1.54]      1.03         [0.69,1.54]
Autoimmune dis~0                                                                                                   1         [1.00,1.00]         1         [1.00,1.00]
Autoimmune dis~1                                                                                                1.06         [0.97,1.17]      1.06         [0.97,1.17]
carehome                                                                                                                                         1         [1.00,1.00]
----------------------------------------------------------------------------------------------------------------------------------------------------------------------
N_sub                71890                         71890                         71890                         71890                         71890                    
----------------------------------------------------------------------------------------------------------------------------------------------------------------------
Exponentiated coefficients; 95% confidence intervals in brackets
* p<0.05, ** p<0.01, *** p<0.001
onsdeath
----------------------------------------------------------------------------------------------------------------------------------------------------------------------
                       (1)                           (2)                           (3)                           (4)                           (5)                    
                 analysi~s                     analysi~s                     analysi~s                     analysi~s                     analysi~s                    
----------------------------------------------------------------------------------------------------------------------------------------------------------------------
White                    1         [1.00,1.00]         1         [1.00,1.00]         1         [1.00,1.00]         1         [1.00,1.00]         1         [1.00,1.00]
South Asian           0.70*        [0.52,0.94]      1.12         [0.83,1.51]      1.10         [0.81,1.48]      1.07         [0.79,1.45]      1.07         [0.79,1.45]
Black                 0.50***      [0.33,0.75]      0.76         [0.51,1.14]      0.75         [0.50,1.13]      0.78         [0.52,1.16]      0.78         [0.52,1.16]
Mixed                 0.38**       [0.19,0.76]      0.62         [0.31,1.25]      0.63         [0.31,1.25]      0.65         [0.32,1.30]      0.65         [0.32,1.30]
Other                 0.50**       [0.30,0.83]      0.70         [0.42,1.16]      0.70         [0.42,1.16]      0.68         [0.41,1.13]      0.68         [0.41,1.13]
Unknown               1.11***      [1.06,1.17]      1.04         [0.99,1.10]      1.05         [0.99,1.10]      1.07*        [1.01,1.12]      1.07*        [1.01,1.12]
Female                                                 1         [1.00,1.00]         1         [1.00,1.00]         1         [1.00,1.00]         1         [1.00,1.00]
Male                                                1.55***      [1.48,1.63]      1.55***      [1.47,1.63]      1.48***      [1.41,1.56]      1.48***      [1.41,1.56]
Age spline 1                                        0.99         [0.87,1.12]      0.98         [0.87,1.12]      1.00         [0.88,1.14]      1.00         [0.88,1.14]
Age spline 2                                        1.41*        [1.08,1.84]      1.41*        [1.08,1.84]      1.31         [1.00,1.73]      1.31         [1.00,1.73]
Age spline 3                                        0.39**       [0.21,0.71]      0.39**       [0.21,0.71]      0.46*        [0.25,0.86]      0.46*        [0.25,0.86]
1 least deprived                                                                     1         [1.00,1.00]         1         [1.00,1.00]         1         [1.00,1.00]
2                                                                                 0.93*        [0.86,1.00]      0.93*        [0.87,1.00]      0.93*        [0.87,1.00]
3                                                                                 0.98         [0.91,1.05]      0.98         [0.92,1.06]      0.98         [0.92,1.06]
4                                                                                 1.11**       [1.03,1.19]      1.10**       [1.03,1.18]      1.10**       [1.03,1.18]
5 most deprived                                                                   1.00         [0.93,1.08]      0.99         [0.92,1.07]      0.99         [0.92,1.07]
Underweig..5)                                                                                                      1         [1.00,1.00]         1         [1.00,1.00]
Normal (18.5-~9)                                                                                                0.72***      [0.67,0.77]      0.72***      [0.67,0.77]
Overweigh..9 ~4)                                                                                                0.63***      [0.58,0.68]      0.63***      [0.58,0.68]
Obese I (..9 ~4)                                                                                                0.54***      [0.48,0.60]      0.54***      [0.48,0.60]
Obese II ..9 ~4)                                                                                                0.57***      [0.49,0.67]      0.57***      [0.49,0.67]
Obese III..5+)                                                                                                  0.64***      [0.50,0.81]      0.64***      [0.50,0.81]
Unknown                                                                                                         0.76***      [0.69,0.84]      0.76***      [0.69,0.84]
<6.5%                                                                                                              1         [1.00,1.00]         1         [1.00,1.00]
>=6.5-7.4                                                                                                       1.05         [0.95,1.16]      1.05         [0.95,1.16]
>=7.5-7.9                                                                                                       1.17         [0.99,1.39]      1.17         [0.99,1.39]
>=8-8.9                                                                                                         1.18         [1.00,1.39]      1.18         [1.00,1.39]
>=9                                                                                                             0.93         [0.77,1.11]      0.93         [0.77,1.11]
Unknown                                                                                                         1.09**       [1.03,1.15]      1.09**       [1.03,1.15]
Number of GP c~h                                                                                                1.01***      [1.01,1.01]      1.01***      [1.01,1.01]
Never                                                                                                              1         [1.00,1.00]         1         [1.00,1.00]
Former                                                                                                          1.07**       [1.02,1.13]      1.07**       [1.02,1.13]
Current                                                                                                         0.91         [0.80,1.04]      0.91         [0.80,1.04]
Diagnosed hype~0                                                                                                   1         [1.00,1.00]         1         [1.00,1.00]
Diagnosed hype~1                                                                                                1.02         [0.97,1.08]      1.02         [0.97,1.08]
Normal                                                                                                             1         [1.00,1.00]         1         [1.00,1.00]
Elevated                                                                                                        0.88***      [0.82,0.94]      0.88***      [0.82,0.94]
High, stage I                                                                                                   0.84***      [0.79,0.89]      0.84***      [0.79,0.89]
High, stage II                                                                                                  0.80***      [0.75,0.85]      0.80***      [0.75,0.85]
Unknown                                                                                                         0.86*        [0.75,0.98]      0.86*        [0.75,0.98]
Asthma categor~0                                                                                                   1         [1.00,1.00]         1         [1.00,1.00]
Asthma categor~1                                                                                                0.94         [0.87,1.01]      0.94         [0.87,1.01]
Chronic Respir~0                                                                                                   1         [1.00,1.00]         1         [1.00,1.00]
Chronic Respir~1                                                                                                1.16***      [1.09,1.24]      1.16***      [1.09,1.24]
Chronic Cardia~0                                                                                                   1         [1.00,1.00]         1         [1.00,1.00]
Chronic Cardia~1                                                                                                1.14***      [1.08,1.20]      1.14***      [1.08,1.20]
No DM                                                                                                              1         [1.00,1.00]         1         [1.00,1.00]
T1DM                                                                                                            1.14         [0.83,1.57]      1.14         [0.83,1.57]
T2DM                                                                                                            1.12**       [1.04,1.21]      1.12**       [1.04,1.21]
UNKNOWN_DM                                                                                                      0.96         [0.85,1.07]      0.96         [0.85,1.07]
Cancer=0                                                                                                           1         [1.00,1.00]         1         [1.00,1.00]
Cancer=1                                                                                                        1.31***      [1.24,1.39]      1.31***      [1.24,1.39]
Chronic liver ~0                                                                                                   1         [1.00,1.00]         1         [1.00,1.00]
Chronic liver ~1                                                                                                1.22         [0.99,1.51]      1.22         [0.99,1.51]
Stroke=0                                                                                                           1         [1.00,1.00]         1         [1.00,1.00]
Stroke=1                                                                                                        1.05         [0.99,1.11]      1.05         [0.99,1.11]
Dementia=0                                                                                                         1         [1.00,1.00]         1         [1.00,1.00]
Dementia=1                                                                                                      1.14***      [1.07,1.21]      1.14***      [1.07,1.21]
Neurological d~0                                                                                                   1         [1.00,1.00]         1         [1.00,1.00]
Neurological d~1                                                                                                1.07         [0.98,1.17]      1.07         [0.98,1.17]
egfr >=60                                                                                                          1         [1.00,1.00]         1         [1.00,1.00]
eGFR <60                                                                                                        1.07**       [1.02,1.12]      1.07**       [1.02,1.12]
end stage rena~0                                                                                                   1         [1.00,1.00]         1         [1.00,1.00]
end stage rena~1                                                                                                1.57         [0.98,2.51]      1.57         [0.98,2.51]
Immunosuppress~=                                                                                                   1         [1.00,1.00]         1         [1.00,1.00]
Immunosuppress~=                                                                                                1.04         [0.73,1.50]      1.04         [0.73,1.50]
Autoimmune dis~0                                                                                                   1         [1.00,1.00]         1         [1.00,1.00]
Autoimmune dis~1                                                                                                1.11*        [1.02,1.20]      1.11*        [1.02,1.20]
carehome                                                                                                                                         1         [1.00,1.00]
----------------------------------------------------------------------------------------------------------------------------------------------------------------------
N_sub                71890                         71890                         71890                         71890                         71890                    
----------------------------------------------------------------------------------------------------------------------------------------------------------------------
Exponentiated coefficients; 95% confidence intervals in brackets
* p<0.05, ** p<0.01, *** p<0.001
