hes
----------------------------------------------------------------------------------------------------------------------------------------------------------------------
                       (1)                           (2)                           (3)                           (4)                           (5)                    
                    hes_30                        hes_30                        hes_30                     outcome~s                        hes_30                    
----------------------------------------------------------------------------------------------------------------------------------------------------------------------
main                                                                                                                                                                  
White                    1         [1.00,1.00]         1         [1.00,1.00]         1         [1.00,1.00]         1         [1.00,1.00]         1         [1.00,1.00]
South Asian           1.00         [0.95,1.06]      1.62***      [1.53,1.72]      1.46***      [1.37,1.55]      1.34***      [1.26,1.43]      1.38***      [1.29,1.48]
Black                 0.99         [0.88,1.12]      1.78***      [1.56,2.03]      1.56***      [1.37,1.78]      1.58***      [1.38,1.81]      1.59***      [1.39,1.82]
Mixed                 0.67***      [0.55,0.80]      1.58***      [1.30,1.92]      1.47***      [1.21,1.79]      1.45***      [1.18,1.77]      1.46***      [1.19,1.79]
Other                 0.90         [0.78,1.04]      1.85***      [1.58,2.17]      1.70***      [1.45,1.99]      1.77***      [1.51,2.09]      1.80***      [1.53,2.11]
Unknown               0.79***      [0.76,0.82]      1.00         [0.96,1.05]      1.01         [0.96,1.05]      1.04         [1.00,1.09]      1.05*        [1.00,1.10]
Sustainability~o         1         [1.00,1.00]         1         [1.00,1.00]         1         [1.00,1.00]         1         [1.00,1.00]         1         [1.00,1.00]
Sustainability~o      0.90         [0.44,1.83]      0.70         [0.33,1.51]      0.70         [0.32,1.50]      0.73         [0.33,1.60]      0.74         [0.34,1.62]
Sustainability~o      1.01         [0.49,2.06]      0.72         [0.33,1.54]      0.73         [0.34,1.58]      0.79         [0.36,1.74]      0.80         [0.36,1.76]
Sustainability~o      1.24         [0.61,2.55]      0.90         [0.42,1.94]      0.89         [0.41,1.93]      0.95         [0.43,2.08]      0.95         [0.43,2.10]
Sustainability~o      0.95         [0.46,1.97]      0.67         [0.31,1.46]      0.75         [0.34,1.63]      0.77         [0.35,1.70]      0.77         [0.35,1.72]
Sustainability~o      1.30         [0.64,2.66]      0.89         [0.41,1.91]      0.88         [0.41,1.89]      0.91         [0.42,1.99]      0.92         [0.42,2.02]
Sustainability~o      1.85         [0.89,3.85]      1.16         [0.53,2.55]      1.20         [0.54,2.64]      1.29         [0.57,2.88]      1.32         [0.59,2.96]
Sustainability~o      1.27         [0.62,2.59]      0.91         [0.42,1.97]      0.97         [0.45,2.10]      1.01         [0.46,2.20]      1.02         [0.46,2.24]
Sustainability~o      1.14         [0.56,2.34]      0.66         [0.31,1.43]      0.69         [0.32,1.49]      0.70         [0.32,1.54]      0.70         [0.32,1.55]
Sustainability~o      1.11         [0.54,2.27]      0.77         [0.36,1.67]      0.80         [0.37,1.74]      0.82         [0.37,1.79]      0.82         [0.37,1.80]
Sustainability~o      1.04         [0.51,2.12]      0.81         [0.38,1.74]      0.92         [0.42,1.98]      0.98         [0.45,2.14]      0.99         [0.45,2.19]
Sustainability~o      1.59         [0.78,3.27]      1.06         [0.49,2.28]      0.97         [0.45,2.09]      1.03         [0.47,2.27]      1.05         [0.48,2.31]
Sustainability~o      1.17         [0.57,2.40]      0.82         [0.38,1.77]      0.79         [0.37,1.72]      0.88         [0.40,1.94]      0.88         [0.40,1.95]
Sustainability~o      1.06         [0.52,2.18]      0.81         [0.37,1.75]      0.89         [0.41,1.93]      0.91         [0.41,2.01]      0.92         [0.42,2.04]
Sustainability~o      0.74         [0.36,1.52]      0.67         [0.31,1.45]      0.72         [0.33,1.57]      0.74         [0.33,1.64]      0.76         [0.34,1.68]
Sustainability~o      1.04         [0.50,2.13]      0.69         [0.32,1.49]      0.72         [0.33,1.57]      0.78         [0.35,1.72]      0.79         [0.36,1.76]
Sustainability~o      1.12         [0.54,2.30]      0.74         [0.34,1.62]      0.82         [0.38,1.80]      0.84         [0.38,1.86]      0.85         [0.38,1.88]
Sustainability~o      0.94         [0.46,1.94]      0.72         [0.33,1.55]      0.80         [0.37,1.73]      0.76         [0.35,1.68]      0.77         [0.35,1.71]
Sustainability~o      0.53         [0.26,1.11]      0.42*        [0.19,0.92]      0.49         [0.23,1.08]      0.53         [0.24,1.18]      0.53         [0.24,1.18]
Sustainability~o      0.66         [0.32,1.36]      0.42*        [0.19,0.91]      0.47         [0.22,1.03]      0.50         [0.23,1.10]      0.51         [0.23,1.12]
Sustainability~o      0.77         [0.38,1.58]      0.60         [0.28,1.30]      0.66         [0.30,1.42]      0.68         [0.31,1.50]      0.69         [0.31,1.52]
Sustainability~o      0.83         [0.39,1.79]      0.69         [0.30,1.56]      0.76         [0.33,1.73]      0.83         [0.36,1.92]      0.85         [0.36,1.96]
Sustainability~o      0.83         [0.40,1.71]      0.55         [0.25,1.21]      0.65         [0.30,1.42]      0.70         [0.31,1.55]      0.71         [0.32,1.57]
Sustainability~o      0.45         [0.16,1.26]      0.34         [0.11,1.01]      0.42         [0.14,1.26]      0.41         [0.13,1.26]      0.41         [0.13,1.27]
Sustainability~o      0.57         [0.25,1.28]      0.54         [0.23,1.27]      0.56         [0.23,1.33]      0.67         [0.28,1.62]      0.63         [0.26,1.52]
Sustainability~o      1.36         [0.66,2.79]      0.83         [0.38,1.79]      0.91         [0.42,1.98]      0.93         [0.42,2.06]      0.93         [0.42,2.06]
Sustainability~o      0.87         [0.42,1.78]      0.67         [0.31,1.45]      0.79         [0.36,1.71]      0.85         [0.39,1.88]      0.85         [0.38,1.89]
Sustainability~o      1.00         [0.48,2.05]      0.63         [0.29,1.36]      0.73         [0.33,1.58]      0.80         [0.36,1.77]      0.80         [0.36,1.78]
Sustainability~o      0.83         [0.40,1.72]      0.59         [0.27,1.29]      0.61         [0.28,1.34]      0.68         [0.30,1.50]      0.68         [0.30,1.51]
Sustainability~o      1.08         [0.52,2.24]      0.77         [0.35,1.69]      0.90         [0.41,1.98]      0.93         [0.42,2.07]      0.94         [0.42,2.09]
Sustainability~o      1.18         [0.41,3.35]      1.03         [0.34,3.16]      1.29         [0.42,3.96]      1.11         [0.34,3.64]      1.12         [0.34,3.70]
Sustainability~o      1.07         [0.52,2.19]      0.78         [0.36,1.67]      0.77         [0.36,1.66]      0.82         [0.38,1.79]      0.82         [0.38,1.81]
Female                                                 1         [1.00,1.00]         1         [1.00,1.00]         1         [1.00,1.00]         1         [1.00,1.00]
Male                                                1.41***      [1.37,1.46]      1.42***      [1.38,1.47]      1.41***      [1.36,1.46]      1.41***      [1.36,1.46]
Age spline 1                                        1.03***      [1.02,1.03]      1.03***      [1.02,1.03]      1.03***      [1.02,1.04]      1.03***      [1.03,1.04]
Age spline 2                                        1.10***      [1.08,1.12]      1.10***      [1.08,1.12]      1.04***      [1.02,1.06]      1.03*        [1.00,1.05]
Age spline 3                                        0.82***      [0.78,0.87]      0.82***      [0.78,0.87]      0.96         [0.91,1.01]      0.99         [0.94,1.04]
1 least deprived                                                                     1         [1.00,1.00]         1         [1.00,1.00]         1         [1.00,1.00]
2                                                                                 1.08*        [1.02,1.15]      1.03         [0.97,1.10]      1.03         [0.96,1.10]
3                                                                                 1.25***      [1.18,1.33]      1.16***      [1.09,1.24]      1.15***      [1.08,1.23]
4                                                                                 1.42***      [1.34,1.50]      1.24***      [1.16,1.31]      1.23***      [1.15,1.30]
5 most deprived                                                                   1.79***      [1.69,1.89]      1.46***      [1.38,1.55]      1.46***      [1.37,1.54]
Underweig..5)                                                                                                      1         [1.00,1.00]         1         [1.00,1.00]
Normal (18.5-~9)                                                                                                0.73***      [0.63,0.84]      0.71***      [0.62,0.83]
Overweigh..9 ~4)                                                                                                0.73***      [0.64,0.85]      0.72***      [0.62,0.83]
Obese I (..9 ~4)                                                                                                0.91         [0.78,1.05]      0.89         [0.77,1.03]
Obese II ..9 ~4)                                                                                                1.12         [0.96,1.31]      1.10         [0.95,1.29]
Obese III..5+)                                                                                                  1.48***      [1.26,1.74]      1.47***      [1.25,1.72]
Unknown                                                                                                         0.92         [0.79,1.07]      0.91         [0.78,1.06]
<6.5%                                                                                                              1         [1.00,1.00]         1         [1.00,1.00]
>=6.5-7.4                                                                                                       1.02         [0.94,1.12]      1.03         [0.94,1.12]
>=7.5-7.9                                                                                                       1.06         [0.93,1.21]      1.06         [0.93,1.21]
>=8-8.9                                                                                                         1.25***      [1.11,1.41]      1.26***      [1.12,1.42]
>=9                                                                                                             1.61***      [1.44,1.80]      1.61***      [1.44,1.80]
Unknown                                                                                                         0.99         [0.94,1.04]      0.99         [0.95,1.04]
Number of GP c~h                                                                                                1.02***      [1.01,1.02]      1.02***      [1.01,1.02]
Never                                                                                                              1         [1.00,1.00]         1         [1.00,1.00]
Former                                                                                                          1.09***      [1.05,1.14]      1.08***      [1.04,1.13]
Current                                                                                                         1.00         [0.94,1.07]      0.99         [0.93,1.06]
Diagnosed hype~0                                                                                                   1         [1.00,1.00]         1         [1.00,1.00]
Diagnosed hype~1                                                                                                1.07**       [1.02,1.12]      1.07**       [1.02,1.12]
Normal                                                                                                             1         [1.00,1.00]         1         [1.00,1.00]
Elevated                                                                                                        0.89***      [0.84,0.95]      0.89***      [0.83,0.95]
High, stage I                                                                                                   0.91***      [0.86,0.96]      0.90***      [0.85,0.95]
High, stage II                                                                                                  0.95         [0.89,1.00]      0.94*        [0.89,1.00]
Unknown                                                                                                         0.70***      [0.65,0.75]      0.70***      [0.65,0.75]
Asthma categor~0                                                                                                   1         [1.00,1.00]         1         [1.00,1.00]
Asthma categor~1                                                                                                1.16***      [1.10,1.21]      1.16***      [1.10,1.21]
Chronic Respir~0                                                                                                   1         [1.00,1.00]         1         [1.00,1.00]
Chronic Respir~1                                                                                                2.09***      [1.98,2.20]      2.08***      [1.97,2.19]
Chronic Cardia~0                                                                                                   1         [1.00,1.00]         1         [1.00,1.00]
Chronic Cardia~1                                                                                                1.32***      [1.26,1.38]      1.31***      [1.25,1.37]
No DM                                                                                                              1         [1.00,1.00]         1         [1.00,1.00]
T1DM                                                                                                            1.83***      [1.52,2.21]      1.84***      [1.52,2.22]
T2DM                                                                                                            1.26***      [1.16,1.36]      1.26***      [1.17,1.36]
UNKNOWN_DM                                                                                                      1.21***      [1.11,1.32]      1.20***      [1.10,1.31]
Cancer=0                                                                                                           1         [1.00,1.00]         1         [1.00,1.00]
Cancer=1                                                                                                        1.54***      [1.46,1.63]      1.53***      [1.45,1.62]
Chronic liver ~0                                                                                                   1         [1.00,1.00]         1         [1.00,1.00]
Chronic liver ~1                                                                                                1.90***      [1.66,2.18]      1.91***      [1.67,2.19]
Stroke=0                                                                                                           1         [1.00,1.00]         1         [1.00,1.00]
Stroke=1                                                                                                        1.28***      [1.19,1.37]      1.28***      [1.19,1.37]
Dementia=0                                                                                                         1         [1.00,1.00]         1         [1.00,1.00]
Dementia=1                                                                                                      0.95         [0.81,1.10]      1.00         [0.86,1.16]
Neurological d~0                                                                                                   1         [1.00,1.00]         1         [1.00,1.00]
Neurological d~1                                                                                                1.76***      [1.57,1.97]      1.77***      [1.58,1.98]
egfr >=60                                                                                                          1         [1.00,1.00]         1         [1.00,1.00]
eGFR <60                                                                                                        1.26***      [1.19,1.33]      1.25***      [1.19,1.32]
end stage rena~0                                                                                                   1         [1.00,1.00]         1         [1.00,1.00]
end stage rena~1                                                                                                2.37***      [1.93,2.91]      2.39***      [1.94,2.94]
Immunosuppress~=                                                                                                   1         [1.00,1.00]         1         [1.00,1.00]
Immunosuppress~=                                                                                                1.39***      [1.16,1.67]      1.38***      [1.15,1.65]
Autoimmune dis~0                                                                                                   1         [1.00,1.00]         1         [1.00,1.00]
Autoimmune dis~1                                                                                                1.09**       [1.02,1.17]      1.10**       [1.03,1.17]
1-2                                                                                                                                              1         [1.00,1.00]
3-5                                                                                                                                           0.81***      [0.77,0.85]
6-10                                                                                                                                          0.95         [0.87,1.03]
11+                                                                                                                                           0.48***      [0.40,0.57]
Unknown                                                                                                                                       0.89***      [0.84,0.94]
----------------------------------------------------------------------------------------------------------------------------------------------------------------------
N_sub                                                                                                                                                                 
----------------------------------------------------------------------------------------------------------------------------------------------------------------------
Exponentiated coefficients; 95% confidence intervals in brackets
* p<0.05, ** p<0.01, *** p<0.001
icu
----------------------------------------------------------------------------------------------------------------------------------------------------------------------
                       (1)                           (2)                           (3)                           (4)                           (5)                    
                    icu_30                        icu_30                        icu_30                     outcome~u                        icu_30                    
----------------------------------------------------------------------------------------------------------------------------------------------------------------------
main                                                                                                                                                                  
White                    1         [1.00,1.00]         1         [1.00,1.00]         1         [1.00,1.00]         1         [1.00,1.00]         1         [1.00,1.00]
South Asian           1.79***      [1.57,2.04]      2.50***      [2.19,2.86]      2.26***      [1.97,2.59]      1.98***      [1.72,2.29]      2.01***      [1.73,2.33]
Black                 1.50**       [1.13,1.99]      2.16***      [1.62,2.88]      1.90***      [1.43,2.54]      1.83***      [1.36,2.45]      1.83***      [1.37,2.46]
Mixed                 1.27         [0.86,1.88]      2.49***      [1.67,3.70]      2.32***      [1.56,3.46]      2.28***      [1.53,3.42]      2.30***      [1.54,3.44]
Other                 1.15         [0.80,1.66]      1.88***      [1.29,2.72]      1.72**       [1.18,2.49]      1.90***      [1.31,2.78]      1.92***      [1.32,2.81]
Unknown               0.79***      [0.71,0.88]      1.05         [0.93,1.17]      1.05         [0.94,1.18]      1.07         [0.95,1.20]      1.06         [0.95,1.20]
Sustainability~o         1         [1.00,1.00]         1         [1.00,1.00]         1         [1.00,1.00]         1         [1.00,1.00]         1         [1.00,1.00]
Sustainability~o      0.61***      [0.51,0.73]      0.65***      [0.54,0.77]      0.64***      [0.53,0.77]      0.64***      [0.53,0.76]      0.63***      [0.53,0.76]
Sustainability~o      1.13         [0.92,1.39]      1.10         [0.90,1.36]      1.14         [0.92,1.41]      1.15         [0.94,1.43]      1.16         [0.94,1.43]
Sustainability~o      0.72         [0.50,1.02]      0.70         [0.49,1.00]      0.70*        [0.49,1.00]      0.69*        [0.48,0.99]      0.69*        [0.48,0.99]
Sustainability~o      1.93***      [1.42,2.64]      1.94***      [1.42,2.65]      2.22***      [1.62,3.04]      2.18***      [1.59,3.00]      2.19***      [1.59,3.01]
Sustainability~o      1.06         [0.88,1.29]      1.03         [0.85,1.25]      1.02         [0.84,1.24]      1.04         [0.86,1.26]      1.02         [0.84,1.24]
Sustainability~o      0.72         [0.35,1.46]      0.68         [0.34,1.39]      0.71         [0.35,1.44]      0.78         [0.40,1.53]      0.70         [0.34,1.43]
Sustainability~o      1.12         [0.90,1.41]      1.12         [0.89,1.41]      1.21         [0.96,1.52]      1.15         [0.92,1.45]      1.16         [0.93,1.47]
Sustainability~o      0.83         [0.61,1.12]      0.77         [0.57,1.05]      0.81         [0.60,1.11]      0.80         [0.59,1.10]      0.80         [0.59,1.09]
Sustainability~o      0.80         [0.63,1.02]      0.81         [0.64,1.03]      0.85         [0.67,1.09]      0.85         [0.67,1.09]      0.85         [0.66,1.09]
Sustainability~o      0.61***      [0.47,0.78]      0.61***      [0.48,0.79]      0.70**       [0.54,0.90]      0.72*        [0.55,0.93]      0.71**       [0.55,0.92]
Sustainability~o      1.18         [0.90,1.55]      1.15         [0.87,1.51]      1.06         [0.81,1.39]      1.06         [0.81,1.40]      1.06         [0.81,1.40]
Sustainability~o      1.05         [0.81,1.37]      1.11         [0.86,1.45]      1.09         [0.84,1.41]      1.10         [0.85,1.44]      1.10         [0.85,1.44]
Sustainability~o      0.67         [0.45,1.01]      0.71         [0.47,1.06]      0.79         [0.52,1.17]      0.77         [0.52,1.16]      0.78         [0.52,1.16]
Sustainability~o      0.88         [0.62,1.26]      1.15         [0.80,1.65]      1.25         [0.87,1.79]      1.23         [0.86,1.78]      1.24         [0.86,1.79]
Sustainability~o      1.10         [0.77,1.56]      1.12         [0.79,1.59]      1.19         [0.83,1.69]      1.23         [0.86,1.75]      1.24         [0.87,1.77]
Sustainability~o      1.14         [0.78,1.68]      1.26         [0.86,1.86]      1.41         [0.96,2.08]      1.43         [0.97,2.11]      1.44         [0.97,2.12]
Sustainability~o      0.97         [0.73,1.30]      1.10         [0.83,1.47]      1.23         [0.92,1.64]      1.14         [0.85,1.53]      1.13         [0.84,1.51]
Sustainability~o      1.32         [1.00,1.76]      1.48**       [1.11,1.97]      1.76***      [1.32,2.36]      1.84***      [1.37,2.46]      1.87***      [1.39,2.50]
Sustainability~o      1.66***      [1.32,2.09]      1.68***      [1.33,2.11]      1.92***      [1.52,2.43]      1.98***      [1.57,2.51]      1.97***      [1.56,2.50]
Sustainability~o      1.08         [0.85,1.36]      1.17         [0.92,1.48]      1.27         [1.00,1.62]      1.31*        [1.03,1.68]      1.31*        [1.02,1.68]
Sustainability~o      1.28         [0.74,2.21]      1.43         [0.82,2.50]      1.59         [0.91,2.78]      1.71         [0.97,3.00]      1.71         [0.98,3.01]
Sustainability~o      0.90         [0.62,1.32]      0.97         [0.66,1.43]      1.16         [0.79,1.71]      1.27         [0.86,1.86]      1.24         [0.84,1.82]
Sustainability~o      1.01         [0.25,4.08]      1.09         [0.27,4.44]      1.41         [0.34,5.73]      1.48         [0.36,6.06]      1.52         [0.37,6.22]
Sustainability~o      0.50         [0.16,1.57]      0.62         [0.20,1.94]      0.64         [0.20,2.01]      0.71         [0.23,2.24]      0.72         [0.23,2.27]
Sustainability~o      1.04         [0.72,1.49]      0.97         [0.67,1.39]      1.07         [0.74,1.54]      1.07         [0.74,1.54]      1.08         [0.75,1.56]
Sustainability~o      0.95         [0.68,1.34]      1.03         [0.74,1.45]      1.24         [0.88,1.74]      1.27         [0.91,1.79]      1.25         [0.88,1.76]
Sustainability~o      1.13         [0.83,1.56]      1.20         [0.87,1.66]      1.41*        [1.02,1.94]      1.52*        [1.10,2.11]      1.55**       [1.12,2.14]
Sustainability~o      1.24         [0.87,1.76]      1.34         [0.94,1.91]      1.40         [0.98,2.00]      1.46*        [1.02,2.10]      1.48*        [1.03,2.13]
Sustainability~o      0.92         [0.59,1.43]      1.01         [0.65,1.57]      1.18         [0.75,1.83]      1.17         [0.75,1.82]      1.17         [0.75,1.83]
Sustainability~o      1.26         [0.18,9.05]      1.21         [0.16,8.84]      1.57        [0.21,11.50]      1.16         [0.14,9.28]      1.15         [0.14,9.22]
Sustainability~o         1         [1.00,1.00]         1         [1.00,1.00]         1         [1.00,1.00]         1         [1.00,1.00]         1         [1.00,1.00]
Female                                                 1         [1.00,1.00]         1         [1.00,1.00]         1         [1.00,1.00]         1         [1.00,1.00]
Male                                                2.66***      [2.42,2.92]      2.68***      [2.43,2.94]      2.63***      [2.39,2.90]      2.64***      [2.39,2.91]
Age spline 1                                        1.05***      [1.03,1.08]      1.05***      [1.03,1.08]      1.05***      [1.03,1.08]      1.05***      [1.03,1.08]
Age spline 2                                        1.22***      [1.14,1.29]      1.21***      [1.14,1.29]      1.15***      [1.08,1.23]      1.15***      [1.08,1.22]
Age spline 3                                        0.49***      [0.42,0.57]      0.49***      [0.42,0.57]      0.57***      [0.48,0.67]      0.57***      [0.49,0.67]
1 least deprived                                                                     1         [1.00,1.00]         1         [1.00,1.00]         1         [1.00,1.00]
2                                                                                 1.12         [0.95,1.32]      1.06         [0.90,1.25]      1.06         [0.90,1.25]
3                                                                                 1.35***      [1.15,1.58]      1.21*        [1.04,1.42]      1.20*        [1.03,1.41]
4                                                                                 1.50***      [1.29,1.75]      1.27**       [1.09,1.48]      1.26**       [1.08,1.47]
5 most deprived                                                                   1.87***      [1.62,2.17]      1.50***      [1.29,1.74]      1.49***      [1.29,1.74]
Underweig..5)                                                                                                      1         [1.00,1.00]         1         [1.00,1.00]
Normal (18.5-~9)                                                                                                1.60         [0.65,3.91]      1.57         [0.64,3.85]
Overweigh..9 ~4)                                                                                                2.40         [0.99,5.83]      2.35         [0.97,5.70]
Obese I (..9 ~4)                                                                                                3.91**       [1.61,9.50]      3.84**       [1.58,9.34]
Obese II ..9 ~4)                                                                                                5.35***     [2.19,13.03]      5.26***     [2.16,12.81]
Obese III..5+)                                                                                                  6.51***     [2.66,15.97]      6.44***     [2.63,15.80]
Unknown                                                                                                         3.35**       [1.37,8.19]      3.32**       [1.36,8.13]
<6.5%                                                                                                              1         [1.00,1.00]         1         [1.00,1.00]
>=6.5-7.4                                                                                                       1.08         [0.88,1.31]      1.08         [0.88,1.32]
>=7.5-7.9                                                                                                       1.04         [0.78,1.39]      1.03         [0.77,1.38]
>=8-8.9                                                                                                         1.32*        [1.02,1.71]      1.33*        [1.03,1.73]
>=9                                                                                                             1.59***      [1.25,2.02]      1.59***      [1.25,2.02]
Unknown                                                                                                         1.05         [0.93,1.19]      1.05         [0.92,1.19]
Number of GP c~h                                                                                                1.00*        [1.00,1.01]      1.00*        [1.00,1.01]
Never                                                                                                              1         [1.00,1.00]         1         [1.00,1.00]
Former                                                                                                          1.22***      [1.11,1.34]      1.22***      [1.11,1.35]
Current                                                                                                         0.67***      [0.55,0.82]      0.66***      [0.54,0.81]
Diagnosed hype~0                                                                                                   1         [1.00,1.00]         1         [1.00,1.00]
Diagnosed hype~1                                                                                                1.14*        [1.03,1.27]      1.14*        [1.03,1.26]
Normal                                                                                                             1         [1.00,1.00]         1         [1.00,1.00]
Elevated                                                                                                        1.20         [0.99,1.44]      1.20         [1.00,1.45]
High, stage I                                                                                                   1.27**       [1.08,1.49]      1.29**       [1.10,1.52]
High, stage II                                                                                                  1.33***      [1.13,1.56]      1.34***      [1.14,1.58]
Unknown                                                                                                         1.02         [0.83,1.25]      1.02         [0.83,1.26]
Asthma categor~0                                                                                                   1         [1.00,1.00]         1         [1.00,1.00]
Asthma categor~1                                                                                                1.16**       [1.04,1.29]      1.17**       [1.04,1.30]
Chronic Respir~0                                                                                                   1         [1.00,1.00]         1         [1.00,1.00]
Chronic Respir~1                                                                                                1.99***      [1.75,2.26]      2.01***      [1.77,2.29]
Chronic Cardia~0                                                                                                   1         [1.00,1.00]         1         [1.00,1.00]
Chronic Cardia~1                                                                                                0.89         [0.79,1.01]      0.89         [0.78,1.01]
No DM                                                                                                              1         [1.00,1.00]         1         [1.00,1.00]
T1DM                                                                                                            1.26         [0.78,2.04]      1.27         [0.78,2.05]
T2DM                                                                                                            1.31**       [1.09,1.57]      1.31**       [1.09,1.57]
UNKNOWN_DM                                                                                                      1.31*        [1.07,1.61]      1.29*        [1.05,1.58]
Cancer=0                                                                                                           1         [1.00,1.00]         1         [1.00,1.00]
Cancer=1                                                                                                        1.24**       [1.07,1.43]      1.20*        [1.04,1.39]
Chronic liver ~0                                                                                                   1         [1.00,1.00]         1         [1.00,1.00]
Chronic liver ~1                                                                                                0.91         [0.63,1.33]      0.89         [0.61,1.30]
Stroke=0                                                                                                           1         [1.00,1.00]         1         [1.00,1.00]
Stroke=1                                                                                                        0.89         [0.72,1.09]      0.88         [0.71,1.09]
Dementia=0                                                                                                         1         [1.00,1.00]         1         [1.00,1.00]
Dementia=1                                                                                                     0.063**       [0.01,0.45]     0.064**       [0.01,0.46]
Neurological d~0                                                                                                   1         [1.00,1.00]         1         [1.00,1.00]
Neurological d~1                                                                                                0.94         [0.66,1.35]      0.95         [0.66,1.36]
egfr >=60                                                                                                          1         [1.00,1.00]         1         [1.00,1.00]
eGFR <60                                                                                                        1.33***      [1.15,1.53]      1.32***      [1.14,1.52]
end stage rena~0                                                                                                   1         [1.00,1.00]         1         [1.00,1.00]
end stage rena~1                                                                                                3.06***      [2.15,4.37]      3.11***      [2.18,4.43]
Immunosuppress~=                                                                                                   1         [1.00,1.00]         1         [1.00,1.00]
Immunosuppress~=                                                                                                1.68**       [1.17,2.41]      1.69**       [1.18,2.43]
Autoimmune dis~0                                                                                                   1         [1.00,1.00]         1         [1.00,1.00]
Autoimmune dis~1                                                                                                1.16         [0.99,1.36]      1.15         [0.99,1.35]
1-2                                                                                                                                              1         [1.00,1.00]
3-5                                                                                                                                           0.89*        [0.80,0.99]
6-10                                                                                                                                          1.06         [0.87,1.28]
11+                                                                                                                                           0.65         [0.38,1.12]
Unknown                                                                                                                                       0.85*        [0.74,0.97]
----------------------------------------------------------------------------------------------------------------------------------------------------------------------
N_sub                                                                                                                                                                 
----------------------------------------------------------------------------------------------------------------------------------------------------------------------
Exponentiated coefficients; 95% confidence intervals in brackets
* p<0.05, ** p<0.01, *** p<0.001
onscoviddeath
----------------------------------------------------------------------------------------------------------------------------------------------------------------------
                       (1)                           (2)                           (3)                           (4)                           (5)                    
                 onscov~30                     onscov~30                     onscov~30                     outcome~h                     onscov~30                    
----------------------------------------------------------------------------------------------------------------------------------------------------------------------
main                                                                                                                                                                  
White                    1         [1.00,1.00]         1         [1.00,1.00]         1         [1.00,1.00]         1         [1.00,1.00]         1         [1.00,1.00]
South Asian           0.66***      [0.59,0.74]      1.41***      [1.25,1.60]      1.29***      [1.14,1.47]      1.38***      [1.21,1.57]      1.33***      [1.15,1.53]
Black                 0.55***      [0.41,0.72]      1.43*        [1.05,1.94]      1.30         [0.95,1.76]      1.34         [0.99,1.83]      1.36         [0.99,1.86]
Mixed                 0.31***      [0.20,0.50]      1.41         [0.85,2.33]      1.31         [0.79,2.16]      1.28         [0.77,2.11]      1.29         [0.77,2.17]
Other                 0.29***      [0.19,0.46]      0.99         [0.62,1.58]      0.93         [0.58,1.49]      0.90         [0.56,1.45]      0.93         [0.57,1.50]
Unknown               0.89***      [0.83,0.95]      1.12**       [1.04,1.21]      1.13**       [1.05,1.21]      1.15***      [1.06,1.23]      1.15***      [1.06,1.23]
Sustainability~o         1         [1.00,1.00]         1         [1.00,1.00]         1         [1.00,1.00]         1         [1.00,1.00]         1         [1.00,1.00]
Sustainability~o      0.59         [0.19,1.86]      0.34         [0.09,1.29]      0.34         [0.09,1.30]      0.42         [0.11,1.64]      0.39         [0.10,1.53]
Sustainability~o      0.91         [0.29,2.88]      0.47         [0.12,1.78]      0.48         [0.12,1.83]      0.62         [0.16,2.40]      0.57         [0.14,2.22]
Sustainability~o      1.03         [0.33,3.28]      0.53         [0.14,2.03]      0.52         [0.13,2.02]      0.64         [0.16,2.53]      0.60         [0.15,2.36]
Sustainability~o      0.93         [0.29,2.99]      0.47         [0.12,1.82]      0.51         [0.13,2.01]      0.63         [0.16,2.49]      0.56         [0.14,2.26]
Sustainability~o      1.02         [0.32,3.21]      0.45         [0.12,1.72]      0.45         [0.12,1.71]      0.54         [0.14,2.10]      0.50         [0.13,1.97]
Sustainability~o      1.64         [0.51,5.34]      0.59         [0.15,2.31]      0.61         [0.15,2.41]      0.71         [0.18,2.86]      0.69         [0.17,2.82]
Sustainability~o      0.94         [0.30,2.95]      0.46         [0.12,1.73]      0.48         [0.12,1.84]      0.55         [0.14,2.15]      0.52         [0.13,2.04]
Sustainability~o      1.62         [0.51,5.12]      0.64         [0.17,2.42]      0.65         [0.17,2.51]      0.73         [0.19,2.86]      0.70         [0.18,2.75]
Sustainability~o      1.06         [0.34,3.34]      0.51         [0.14,1.95]      0.53         [0.14,2.02]      0.62         [0.16,2.41]      0.59         [0.15,2.30]
Sustainability~o      0.70         [0.22,2.22]      0.39         [0.10,1.49]      0.43         [0.11,1.67]      0.51         [0.13,2.01]      0.49         [0.13,1.94]
Sustainability~o      1.28         [0.40,4.05]      0.52         [0.14,1.99]      0.48         [0.12,1.86]      0.58         [0.15,2.27]      0.54         [0.14,2.12]
Sustainability~o      0.93         [0.29,2.93]      0.41         [0.11,1.55]      0.40         [0.10,1.53]      0.49         [0.13,1.94]      0.47         [0.12,1.88]
Sustainability~o      0.98         [0.31,3.12]      0.55         [0.14,2.09]      0.59         [0.15,2.28]      0.66         [0.17,2.59]      0.63         [0.16,2.49]
Sustainability~o      0.52         [0.16,1.69]      0.35         [0.09,1.35]      0.37         [0.09,1.45]      0.43         [0.11,1.74]      0.40         [0.10,1.63]
Sustainability~o      0.84         [0.26,2.70]      0.36         [0.09,1.37]      0.37         [0.09,1.44]      0.44         [0.11,1.73]      0.42         [0.11,1.67]
Sustainability~o      1.40         [0.44,4.46]      0.62         [0.16,2.38]      0.66         [0.17,2.59]      0.75         [0.19,2.95]      0.70         [0.18,2.79]
Sustainability~o      1.04         [0.33,3.31]      0.58         [0.15,2.22]      0.63         [0.16,2.45]      0.66         [0.17,2.61]      0.64         [0.16,2.54]
Sustainability~o      0.66         [0.21,2.10]      0.43         [0.11,1.64]      0.48         [0.12,1.87]      0.58         [0.15,2.29]      0.56         [0.14,2.25]
Sustainability~o      1.22         [0.39,3.85]      0.59         [0.16,2.25]      0.64         [0.17,2.49]      0.81         [0.21,3.19]      0.77         [0.20,3.03]
Sustainability~o      0.53         [0.17,1.70]      0.31         [0.08,1.17]      0.32         [0.08,1.25]      0.40         [0.10,1.56]      0.35         [0.09,1.40]
Sustainability~o      0.79         [0.23,2.73]      0.53         [0.13,2.25]      0.57         [0.13,2.43]      0.64         [0.15,2.78]      0.65         [0.15,2.87]
Sustainability~o      0.75         [0.23,2.39]      0.32         [0.08,1.23]      0.36         [0.09,1.41]      0.44         [0.11,1.74]      0.42         [0.10,1.67]
Sustainability~o      0.48         [0.10,2.43]      0.29         [0.05,1.77]      0.34         [0.06,2.11]      0.36         [0.06,2.27]      0.36         [0.06,2.28]
Sustainability~o      0.63         [0.17,2.25]      0.56         [0.13,2.43]      0.57         [0.13,2.50]      0.71         [0.16,3.17]      0.71         [0.16,3.21]
Sustainability~o      1.08         [0.34,3.45]      0.39         [0.10,1.48]      0.42         [0.11,1.63]      0.46         [0.12,1.83]      0.46         [0.11,1.81]
Sustainability~o      0.67         [0.21,2.16]      0.37         [0.10,1.41]      0.42         [0.11,1.62]      0.50         [0.13,2.00]      0.47         [0.12,1.89]
Sustainability~o      1.01         [0.32,3.22]      0.39         [0.10,1.48]      0.43         [0.11,1.69]      0.52         [0.13,2.06]      0.50         [0.13,2.00]
Sustainability~o      0.61         [0.19,1.98]      0.30         [0.08,1.15]      0.30         [0.08,1.20]      0.39         [0.10,1.55]      0.37         [0.09,1.48]
Sustainability~o      1.23         [0.38,3.94]      0.62         [0.16,2.37]      0.70         [0.18,2.74]      0.77         [0.19,3.07]      0.75         [0.19,3.02]
Sustainability~o      0.42         [0.04,4.04]      0.29         [0.03,3.33]      0.35         [0.03,4.00]      0.16         [0.01,2.44]      0.15         [0.01,2.33]
Sustainability~o      0.76         [0.24,2.39]      0.39         [0.10,1.46]      0.38         [0.10,1.47]      0.47         [0.12,1.83]      0.44         [0.11,1.73]
Female                                                 1         [1.00,1.00]         1         [1.00,1.00]         1         [1.00,1.00]         1         [1.00,1.00]
Male                                                1.99***      [1.87,2.12]      2.01***      [1.89,2.13]      1.86***      [1.74,1.98]      1.86***      [1.74,1.98]
Age spline 1                                        1.02         [0.97,1.07]      1.02         [0.98,1.07]      1.08**       [1.03,1.13]      1.07**       [1.02,1.13]
Age spline 2                                        1.50***      [1.35,1.66]      1.48***      [1.34,1.65]      1.20***      [1.08,1.34]      1.24***      [1.10,1.38]
Age spline 3                                        0.35***      [0.27,0.44]      0.35***      [0.28,0.45]      0.59***      [0.46,0.76]      0.55***      [0.42,0.72]
1 least deprived                                                                     1         [1.00,1.00]         1         [1.00,1.00]         1         [1.00,1.00]
2                                                                                 1.06         [0.96,1.18]      1.01         [0.91,1.13]      1.01         [0.90,1.12]
3                                                                                 1.16**       [1.05,1.29]      1.09         [0.98,1.21]      1.07         [0.96,1.19]
4                                                                                 1.36***      [1.23,1.51]      1.21***      [1.09,1.33]      1.19**       [1.07,1.31]
5 most deprived                                                                   1.56***      [1.41,1.72]      1.30***      [1.17,1.43]      1.28***      [1.16,1.42]
Underweig..5)                                                                                                      1         [1.00,1.00]         1         [1.00,1.00]
Normal (18.5-~9)                                                                                                0.55***      [0.45,0.67]      0.55***      [0.45,0.67]
Overweigh..9 ~4)                                                                                                0.44***      [0.36,0.54]      0.44***      [0.36,0.53]
Obese I (..9 ~4)                                                                                                0.55***      [0.45,0.67]      0.53***      [0.44,0.65]
Obese II ..9 ~4)                                                                                                0.65***      [0.52,0.80]      0.64***      [0.52,0.80]
Obese III..5+)                                                                                                  1.07         [0.85,1.35]      1.05         [0.83,1.33]
Unknown                                                                                                         0.70**       [0.56,0.87]      0.69***      [0.55,0.86]
<6.5%                                                                                                              1         [1.00,1.00]         1         [1.00,1.00]
>=6.5-7.4                                                                                                       0.96         [0.85,1.08]      0.95         [0.84,1.07]
>=7.5-7.9                                                                                                       0.98         [0.81,1.18]      0.98         [0.81,1.19]
>=8-8.9                                                                                                         1.17         [0.98,1.39]      1.16         [0.97,1.38]
>=9                                                                                                             1.20*        [1.01,1.42]      1.13         [0.94,1.34]
Unknown                                                                                                         1.05         [0.96,1.15]      1.04         [0.95,1.14]
Number of GP c~h                                                                                                1.01***      [1.01,1.01]      1.01***      [1.01,1.01]
Never                                                                                                              1         [1.00,1.00]         1         [1.00,1.00]
Former                                                                                                          1.29***      [1.20,1.38]      1.31***      [1.22,1.41]
Current                                                                                                         1.66***      [1.47,1.88]      1.72***      [1.52,1.96]
Diagnosed hype~0                                                                                                   1         [1.00,1.00]         1         [1.00,1.00]
Diagnosed hype~1                                                                                                1.02         [0.96,1.10]      1.03         [0.95,1.10]
Normal                                                                                                             1         [1.00,1.00]         1         [1.00,1.00]
Elevated                                                                                                        0.87**       [0.78,0.97]      0.86**       [0.77,0.95]
High, stage I                                                                                                   0.85***      [0.78,0.93]      0.86**       [0.78,0.94]
High, stage II                                                                                                  0.82***      [0.75,0.90]      0.83***      [0.76,0.91]
Unknown                                                                                                         0.77**       [0.65,0.91]      0.77**       [0.65,0.92]
Asthma categor~0                                                                                                   1         [1.00,1.00]         1         [1.00,1.00]
Asthma categor~1                                                                                                0.97         [0.89,1.05]      0.96         [0.88,1.05]
Chronic Respir~0                                                                                                   1         [1.00,1.00]         1         [1.00,1.00]
Chronic Respir~1                                                                                                1.69***      [1.56,1.82]      1.67***      [1.55,1.80]
Chronic Cardia~0                                                                                                   1         [1.00,1.00]         1         [1.00,1.00]
Chronic Cardia~1                                                                                                1.32***      [1.24,1.42]      1.34***      [1.25,1.43]
No DM                                                                                                              1         [1.00,1.00]         1         [1.00,1.00]
T1DM                                                                                                            2.09***      [1.51,2.89]      2.16***      [1.56,3.01]
T2DM                                                                                                            1.42***      [1.28,1.58]      1.42***      [1.28,1.59]
UNKNOWN_DM                                                                                                      1.17*        [1.02,1.35]      1.16*        [1.00,1.34]
Cancer=0                                                                                                           1         [1.00,1.00]         1         [1.00,1.00]
Cancer=1                                                                                                        1.60***      [1.48,1.72]      1.58***      [1.46,1.70]
Chronic liver ~0                                                                                                   1         [1.00,1.00]         1         [1.00,1.00]
Chronic liver ~1                                                                                                2.00***      [1.63,2.45]      1.98***      [1.61,2.43]
Stroke=0                                                                                                           1         [1.00,1.00]         1         [1.00,1.00]
Stroke=1                                                                                                        1.16***      [1.06,1.27]      1.17***      [1.07,1.28]
Dementia=0                                                                                                         1         [1.00,1.00]         1         [1.00,1.00]
Dementia=1                                                                                                      1.30**       [1.10,1.53]      1.25*        [1.05,1.48]
Neurological d~0                                                                                                   1         [1.00,1.00]         1         [1.00,1.00]
Neurological d~1                                                                                                1.89***      [1.63,2.19]      1.85***      [1.59,2.15]
egfr >=60                                                                                                          1         [1.00,1.00]         1         [1.00,1.00]
eGFR <60                                                                                                        1.47***      [1.37,1.57]      1.48***      [1.38,1.59]
end stage rena~0                                                                                                   1         [1.00,1.00]         1         [1.00,1.00]
end stage rena~1                                                                                                1.49**       [1.11,2.00]      1.49**       [1.10,2.01]
Immunosuppress~=                                                                                                   1         [1.00,1.00]         1         [1.00,1.00]
Immunosuppress~=                                                                                                2.02***      [1.53,2.67]      2.06***      [1.55,2.73]
Autoimmune dis~0                                                                                                   1         [1.00,1.00]         1         [1.00,1.00]
Autoimmune dis~1                                                                                                1.19**       [1.07,1.32]      1.16**       [1.04,1.29]
1-2                                                                                                                                              1         [1.00,1.00]
3-5                                                                                                                                           0.85***      [0.77,0.93]
6-10                                                                                                                                          1.15         [0.96,1.36]
11+                                                                                                                                           1.00         [0.81,1.23]
Unknown                                                                                                                                       0.88**       [0.79,0.97]
----------------------------------------------------------------------------------------------------------------------------------------------------------------------
N_sub                                                                                                                                                                 
----------------------------------------------------------------------------------------------------------------------------------------------------------------------
Exponentiated coefficients; 95% confidence intervals in brackets
* p<0.05, ** p<0.01, *** p<0.001
ons_noncoviddeath
----------------------------------------------------------------------------------------------------------------------------------------------------------------------
                       (1)                           (2)                           (3)                           (4)                           (5)                    
                 ons_no~30                     ons_no~30                     ons_no~30                     outcome~h                     ons_no~30                    
----------------------------------------------------------------------------------------------------------------------------------------------------------------------
main                                                                                                                                                                  
White                    1         [1.00,1.00]         1         [1.00,1.00]         1         [1.00,1.00]         1         [1.00,1.00]         1         [1.00,1.00]
South Asian           0.41***      [0.25,0.67]      0.83         [0.51,1.38]      0.80         [0.48,1.33]      0.97         [0.64,1.47]      1.01         [0.59,1.75]
Black                 0.13*        [0.02,0.92]      0.28         [0.04,2.01]      0.27         [0.04,1.92]      0.58         [0.18,1.84]      0.31         [0.04,2.23]
Mixed                 0.23         [0.03,1.61]      0.88         [0.12,6.37]      0.84         [0.12,6.08]      0.52         [0.07,3.82]      0.86         [0.12,6.32]
Other                 0.37         [0.09,1.50]      1.17         [0.28,4.84]      1.14         [0.27,4.70]      1.10         [0.34,3.54]      1.17         [0.28,4.88]
Unknown               0.87         [0.69,1.10]      1.06         [0.83,1.35]      1.06         [0.83,1.36]      0.96         [0.78,1.17]      1.05         [0.82,1.35]
Sustainability~o         1         [1.00,1.00]         1         [1.00,1.00]         1         [1.00,1.00]         1         [1.00,1.00]         1         [1.00,1.00]
Sustainability~o      0.46***      [0.29,0.71]      0.53**       [0.34,0.83]      0.52**       [0.33,0.81]      0.59**       [0.42,0.84]      0.50**       [0.32,0.79]
Sustainability~o      0.76         [0.46,1.26]      0.76         [0.46,1.25]      0.76         [0.46,1.26]      0.66         [0.43,1.01]      0.75         [0.45,1.25]
Sustainability~o      0.92         [0.45,1.87]      0.91         [0.44,1.86]      0.89         [0.43,1.82]      1.15         [0.68,1.95]      0.87         [0.42,1.80]
Sustainability~o      1.07         [0.46,2.49]      1.05         [0.44,2.46]      1.11         [0.47,2.61]      0.81         [0.37,1.79]      1.09         [0.46,2.58]
Sustainability~o      1.20         [0.80,1.80]      1.03         [0.69,1.56]      1.02         [0.68,1.53]      1.10         [0.80,1.53]      0.98         [0.65,1.47]
Sustainability~o      1.39         [0.43,4.45]      0.87         [0.27,2.83]      0.89         [0.27,2.89]      0.52         [0.16,1.68]      0.83         [0.25,2.71]
Sustainability~o      0.42*        [0.21,0.86]      0.39**       [0.19,0.79]      0.40*        [0.20,0.82]      0.46**       [0.27,0.79]      0.38**       [0.18,0.78]
Sustainability~o      1.72*        [1.05,2.82]      1.20         [0.73,1.98]      1.20         [0.73,1.99]      1.03         [0.67,1.57]      1.09         [0.66,1.82]
Sustainability~o      0.43*        [0.22,0.85]      0.38**       [0.19,0.75]      0.39**       [0.20,0.77]      0.50**       [0.31,0.81]      0.35**       [0.17,0.69]
Sustainability~o      0.80         [0.46,1.39]      0.90         [0.51,1.57]      0.95         [0.54,1.67]      0.82         [0.51,1.31]      0.90         [0.51,1.59]
Sustainability~o      2.24**       [1.31,3.83]      1.74*        [1.01,2.98]      1.64         [0.96,2.83]      1.27         [0.79,2.04]      1.48         [0.85,2.55]
Sustainability~o      1.53         [0.89,2.62]      1.31         [0.76,2.26]      1.30         [0.75,2.24]      1.43         [0.93,2.20]      1.25         [0.72,2.17]
Sustainability~o      1.26         [0.64,2.49]      1.33         [0.67,2.64]      1.38         [0.69,2.74]      1.13         [0.64,2.01]      1.16         [0.57,2.33]
Sustainability~o      0.41         [0.13,1.32]      0.54         [0.17,1.75]      0.55         [0.17,1.78]      0.50         [0.20,1.27]      0.47         [0.14,1.53]
Sustainability~o      1.23         [0.60,2.50]      0.99         [0.48,2.04]      1.00         [0.48,2.05]      0.98         [0.54,1.76]      0.92         [0.44,1.91]
Sustainability~o      1.48         [0.70,3.13]      1.13         [0.53,2.41]      1.16         [0.54,2.48]      0.86         [0.45,1.65]      0.97         [0.45,2.10]
Sustainability~o      1.36         [0.74,2.52]      1.38         [0.74,2.56]      1.46         [0.78,2.71]      1.08         [0.63,1.87]      1.30         [0.69,2.45]
Sustainability~o      0.63         [0.27,1.47]      0.82         [0.35,1.92]      0.87         [0.37,2.05]      0.63         [0.29,1.38]      0.85         [0.36,2.01]
Sustainability~o      0.87         [0.46,1.63]      0.77         [0.41,1.45]      0.81         [0.43,1.54]      0.95         [0.58,1.56]      0.80         [0.42,1.52]
Sustainability~o      0.67         [0.33,1.36]      0.84         [0.40,1.76]      0.86         [0.41,1.79]      0.75         [0.41,1.38]      0.77         [0.36,1.63]
Sustainability~o      0.81         [0.11,5.88]      1.13         [0.15,8.35]      1.12         [0.15,8.33]      1.34         [0.32,5.68]      1.08         [0.14,8.06]
Sustainability~o      0.85         [0.36,1.99]      0.72         [0.31,1.69]      0.76         [0.32,1.79]      1.19         [0.67,2.13]      0.71         [0.30,1.68]
Sustainability~o         1         [1.00,1.00]         1         [1.00,1.00]         1         [1.00,1.00]         1         [1.00,1.00]         1         [1.00,1.00]
Sustainability~o         1         [1.00,1.00]         1         [1.00,1.00]         1         [1.00,1.00]         1         [1.00,1.00]         1         [1.00,1.00]
Sustainability~o      1.49         [0.77,2.86]      1.05         [0.54,2.04]      1.10         [0.57,2.14]      0.66         [0.34,1.26]      1.01         [0.51,1.98]
Sustainability~o      0.23*        [0.06,0.95]      0.24         [0.06,1.00]      0.26         [0.06,1.08]      0.44         [0.18,1.11]      0.26         [0.06,1.07]
Sustainability~o      1.47         [0.80,2.71]      1.09         [0.59,2.03]      1.17         [0.63,2.19]      1.11         [0.66,1.87]      1.16         [0.62,2.17]
Sustainability~o      1.19         [0.54,2.64]      1.18         [0.53,2.62]      1.18         [0.53,2.63]      0.73         [0.33,1.61]      1.18         [0.52,2.64]
Sustainability~o      0.81         [0.29,2.25]      0.70         [0.25,1.95]      0.76         [0.27,2.14]      0.43         [0.15,1.19]      0.68         [0.24,1.91]
Sustainability~o         1         [1.00,1.00]         1         [1.00,1.00]         1         [1.00,1.00]         1         [1.00,1.00]         1         [1.00,1.00]
Sustainability~o         1         [1.00,1.00]         1         [1.00,1.00]         1         [1.00,1.00]         1         [1.00,1.00]         1         [1.00,1.00]
Female                                                 1         [1.00,1.00]         1         [1.00,1.00]         1         [1.00,1.00]         1         [1.00,1.00]
Male                                                1.17         [0.95,1.44]      1.17         [0.95,1.44]      1.09         [0.92,1.30]      1.11         [0.89,1.37]
Age spline 1                                        1.04         [0.92,1.17]      1.04         [0.92,1.17]      1.04         [0.95,1.13]      1.08         [0.95,1.22]
Age spline 2                                        1.27         [0.95,1.70]      1.27         [0.95,1.69]      1.21         [0.98,1.51]      1.13         [0.83,1.52]
Age spline 3                                        0.55         [0.27,1.08]      0.55         [0.28,1.10]      0.60         [0.36,1.02]      0.72         [0.35,1.47]
1 least deprived                                                                     1         [1.00,1.00]         1         [1.00,1.00]         1         [1.00,1.00]
2                                                                                 1.30         [0.91,1.85]      1.26         [0.95,1.68]      1.31         [0.91,1.88]
3                                                                                 1.38         [0.97,1.97]      1.21         [0.90,1.62]      1.36         [0.95,1.95]
4                                                                                 1.26         [0.88,1.79]      1.23         [0.92,1.63]      1.26         [0.88,1.81]
5 most deprived                                                                   1.48*        [1.05,2.10]      1.30         [0.98,1.72]      1.43*        [1.00,2.03]
Underweig..5)                                                                                                      1         [1.00,1.00]         1         [1.00,1.00]
Normal (18.5-~9)                                                                                                0.59*        [0.39,0.89]      0.46***      [0.29,0.73]
Overweigh..9 ~4)                                                                                                0.46***      [0.30,0.69]      0.37***      [0.23,0.59]
Obese I (..9 ~4)                                                                                                0.32***      [0.20,0.50]      0.25***      [0.14,0.42]
Obese II ..9 ~4)                                                                                                0.43**       [0.25,0.72]      0.43**       [0.24,0.78]
Obese III..5+)                                                                                                  0.67         [0.37,1.22]      0.52         [0.25,1.06]
Unknown                                                                                                         0.69         [0.43,1.11]      0.54*        [0.31,0.93]
<6.5%                                                                                                              1         [1.00,1.00]         1         [1.00,1.00]
>=6.5-7.4                                                                                                       0.95         [0.66,1.36]      1.33         [0.86,2.06]
>=7.5-7.9                                                                                                       0.93         [0.51,1.69]      1.24         [0.60,2.57]
>=8-8.9                                                                                                         0.95         [0.54,1.66]      1.13         [0.56,2.30]
>=9                                                                                                             1.41         [0.86,2.32]      1.61         [0.85,3.05]
Unknown                                                                                                         0.97         [0.76,1.23]      0.96         [0.72,1.29]
Number of GP c~h                                                                                                1.01***      [1.00,1.01]      1.01*        [1.00,1.01]
Never                                                                                                              1         [1.00,1.00]         1         [1.00,1.00]
Former                                                                                                          1.08         [0.89,1.31]      0.99         [0.78,1.25]
Current                                                                                                         2.02***      [1.49,2.75]      1.60*        [1.07,2.38]
Diagnosed hype~0                                                                                                   1         [1.00,1.00]         1         [1.00,1.00]
Diagnosed hype~1                                                                                                0.94         [0.77,1.14]      1.11         [0.87,1.42]
Normal                                                                                                             1         [1.00,1.00]         1         [1.00,1.00]
Elevated                                                                                                        0.80         [0.60,1.06]      0.72         [0.51,1.02]
High, stage I                                                                                                   0.85         [0.67,1.09]      0.70*        [0.52,0.94]
High, stage II                                                                                                  0.83         [0.65,1.06]      0.73*        [0.54,0.99]
Unknown                                                                                                         0.66         [0.42,1.04]      0.83         [0.49,1.39]
Asthma categor~0                                                                                                   1         [1.00,1.00]         1         [1.00,1.00]
Asthma categor~1                                                                                                0.84         [0.65,1.08]      0.88         [0.64,1.20]
Chronic Respir~0                                                                                                   1         [1.00,1.00]         1         [1.00,1.00]
Chronic Respir~1                                                                                                1.14         [0.92,1.41]      1.22         [0.94,1.58]
Chronic Cardia~0                                                                                                   1         [1.00,1.00]         1         [1.00,1.00]
Chronic Cardia~1                                                                                                1.22*        [1.02,1.47]      1.11         [0.88,1.40]
No DM                                                                                                              1         [1.00,1.00]         1         [1.00,1.00]
T1DM                                                                                                            0.48         [0.11,2.01]      0.66         [0.15,2.88]
T2DM                                                                                                            1.04         [0.76,1.40]      0.87         [0.59,1.29]
UNKNOWN_DM                                                                                                      0.89         [0.59,1.34]      0.82         [0.49,1.39]
Cancer=0                                                                                                           1         [1.00,1.00]         1         [1.00,1.00]
Cancer=1                                                                                                        3.37***      [2.83,4.01]      3.25***      [2.62,4.04]
Chronic liver ~0                                                                                                   1         [1.00,1.00]         1         [1.00,1.00]
Chronic liver ~1                                                                                                3.19***      [2.05,4.97]      2.01*        [1.02,3.97]
Stroke=0                                                                                                           1         [1.00,1.00]         1         [1.00,1.00]
Stroke=1                                                                                                        1.36**       [1.08,1.71]      1.15         [0.86,1.55]
Dementia=0                                                                                                         1         [1.00,1.00]         1         [1.00,1.00]
Dementia=1                                                                                                      1.85***      [1.29,2.64]      1.63*        [1.03,2.58]
Neurological d~0                                                                                                   1         [1.00,1.00]         1         [1.00,1.00]
Neurological d~1                                                                                                1.30         [0.87,1.95]      0.99         [0.56,1.75]
egfr >=60                                                                                                          1         [1.00,1.00]         1         [1.00,1.00]
eGFR <60                                                                                                        1.25*        [1.03,1.52]      1.36*        [1.07,1.73]
end stage rena~0                                                                                                   1         [1.00,1.00]         1         [1.00,1.00]
end stage rena~1                                                                                                1.87         [0.84,4.15]      1.71         [0.60,4.83]
Immunosuppress~=                                                                                                   1         [1.00,1.00]         1         [1.00,1.00]
Immunosuppress~=                                                                                                1.35         [0.61,2.97]      0.58         [0.14,2.44]
Autoimmune dis~0                                                                                                   1         [1.00,1.00]         1         [1.00,1.00]
Autoimmune dis~1                                                                                                0.93         [0.68,1.26]      1.08         [0.75,1.56]
1-2                                                                                                                                              1         [1.00,1.00]
3-5                                                                                                                                           0.83         [0.59,1.17]
6-10                                                                                                                                          0.95         [0.50,1.83]
11+                                                                                                                                           1.12         [0.63,2.00]
Unknown                                                                                                                                       0.86         [0.61,1.20]
----------------------------------------------------------------------------------------------------------------------------------------------------------------------
N_sub                                                                                                                                                                 
----------------------------------------------------------------------------------------------------------------------------------------------------------------------
Exponentiated coefficients; 95% confidence intervals in brackets
* p<0.05, ** p<0.01, *** p<0.001
onsdeath
----------------------------------------------------------------------------------------------------------------------------------------------------------------------
                       (1)                           (2)                           (3)                           (4)                           (5)                    
                 onsdea~30                     onsdea~30                     onsdea~30                     outcome~h                     onsdea~30                    
----------------------------------------------------------------------------------------------------------------------------------------------------------------------
main                                                                                                                                                                  
White                    1         [1.00,1.00]         1         [1.00,1.00]         1         [1.00,1.00]         1         [1.00,1.00]         1         [1.00,1.00]
South Asian           0.64***      [0.57,0.72]      1.37***      [1.21,1.55]      1.26***      [1.11,1.43]      1.35***      [1.19,1.53]      1.32***      [1.14,1.51]
Black                 0.51***      [0.39,0.67]      1.32         [0.98,1.80]      1.20         [0.89,1.63]      1.26         [0.93,1.70]      1.27         [0.93,1.73]
Mixed                 0.30***      [0.19,0.48]      1.37         [0.84,2.24]      1.27         [0.78,2.08]      1.18         [0.72,1.94]      1.26         [0.76,2.09]
Other                 0.30***      [0.20,0.46]      1.00         [0.64,1.58]      0.95         [0.60,1.49]      0.92         [0.59,1.44]      0.95         [0.60,1.51]
Unknown               0.89***      [0.83,0.94]      1.12**       [1.05,1.20]      1.13***      [1.05,1.21]      1.13***      [1.05,1.21]      1.14***      [1.06,1.23]
Sustainability~o         1         [1.00,1.00]         1         [1.00,1.00]         1         [1.00,1.00]         1         [1.00,1.00]         1         [1.00,1.00]
Sustainability~o      0.62         [0.20,1.95]      0.36         [0.10,1.38]      0.36         [0.09,1.39]      0.48         [0.12,1.88]      0.43         [0.11,1.68]
Sustainability~o      0.96         [0.31,3.04]      0.51         [0.13,1.93]      0.51         [0.13,1.99]      0.69         [0.18,2.72]      0.62         [0.16,2.47]
Sustainability~o      1.10         [0.35,3.48]      0.58         [0.15,2.21]      0.57         [0.15,2.21]      0.77         [0.19,3.02]      0.66         [0.17,2.64]
Sustainability~o      1.01         [0.31,3.22]      0.52         [0.13,2.02]      0.57         [0.14,2.23]      0.71         [0.18,2.85]      0.64         [0.16,2.58]
Sustainability~o      1.10         [0.35,3.47]      0.50         [0.13,1.91]      0.49         [0.13,1.91]      0.65         [0.17,2.54]      0.57         [0.14,2.24]
Sustainability~o      1.74         [0.54,5.65]      0.63         [0.16,2.49]      0.65         [0.16,2.61]      0.77         [0.19,3.14]      0.76         [0.19,3.12]
Sustainability~o      0.96         [0.31,3.04]      0.47         [0.12,1.81]      0.50         [0.13,1.92]      0.60         [0.15,2.37]      0.55         [0.14,2.19]
Sustainability~o      1.75         [0.55,5.51]      0.70         [0.18,2.68]      0.72         [0.19,2.79]      0.86         [0.22,3.38]      0.79         [0.20,3.13]
Sustainability~o      1.09         [0.35,3.43]      0.53         [0.14,2.03]      0.55         [0.14,2.11]      0.68         [0.17,2.65]      0.62         [0.16,2.44]
Sustainability~o      0.76         [0.24,2.39]      0.43         [0.11,1.65]      0.48         [0.12,1.85]      0.60         [0.15,2.35]      0.55         [0.14,2.20]
Sustainability~o      1.43         [0.45,4.53]      0.60         [0.16,2.31]      0.56         [0.14,2.17]      0.71         [0.18,2.79]      0.63         [0.16,2.52]
Sustainability~o      1.03         [0.33,3.27]      0.46         [0.12,1.77]      0.45         [0.12,1.77]      0.63         [0.16,2.47]      0.55         [0.14,2.20]
Sustainability~o      1.07         [0.34,3.39]      0.61         [0.16,2.35]      0.66         [0.17,2.57]      0.79         [0.20,3.12]      0.72         [0.18,2.86]
Sustainability~o      0.55         [0.17,1.78]      0.37         [0.09,1.44]      0.39         [0.10,1.55]      0.49         [0.12,1.95]      0.44         [0.11,1.77]
Sustainability~o      0.93         [0.29,2.97]      0.40         [0.10,1.54]      0.41         [0.11,1.62]      0.53         [0.13,2.10]      0.48         [0.12,1.93]
Sustainability~o      1.50         [0.47,4.79]      0.68         [0.18,2.63]      0.73         [0.19,2.86]      0.86         [0.22,3.40]      0.78         [0.20,3.14]
Sustainability~o      1.14         [0.36,3.61]      0.65         [0.17,2.49]      0.71         [0.18,2.77]      0.78         [0.20,3.10]      0.74         [0.18,2.93]
Sustainability~o      0.70         [0.22,2.24]      0.46         [0.12,1.78]      0.52         [0.13,2.05]      0.65         [0.16,2.59]      0.63         [0.16,2.51]
Sustainability~o      1.28         [0.40,4.03]      0.63         [0.17,2.41]      0.69         [0.18,2.68]      0.94         [0.24,3.68]      0.84         [0.21,3.34]
Sustainability~o      0.58         [0.18,1.84]      0.34         [0.09,1.30]      0.36         [0.09,1.40]      0.47         [0.12,1.84]      0.40         [0.10,1.60]
Sustainability~o      0.84         [0.24,2.91]      0.59         [0.14,2.47]      0.63         [0.15,2.68]      0.78         [0.18,3.36]      0.73         [0.17,3.21]
Sustainability~o      0.80         [0.25,2.58]      0.35         [0.09,1.35]      0.39         [0.10,1.55]      0.55         [0.14,2.20]      0.46         [0.11,1.86]
Sustainability~o      0.48         [0.10,2.42]      0.29         [0.05,1.77]      0.34         [0.06,2.12]      0.36         [0.06,2.26]      0.36         [0.06,2.30]
Sustainability~o      0.62         [0.17,2.24]      0.56         [0.13,2.43]      0.57         [0.13,2.51]      0.71         [0.16,3.21]      0.72         [0.16,3.27]
Sustainability~o      1.19         [0.37,3.78]      0.43         [0.11,1.67]      0.47         [0.12,1.84]      0.53         [0.13,2.10]      0.52         [0.13,2.09]
Sustainability~o      0.69         [0.22,2.20]      0.38         [0.10,1.46]      0.43         [0.11,1.68]      0.55         [0.14,2.21]      0.50         [0.12,2.00]
Sustainability~o      1.12         [0.35,3.54]      0.44         [0.11,1.68]      0.49         [0.13,1.92]      0.63         [0.16,2.51]      0.58         [0.15,2.32]
Sustainability~o      0.69         [0.22,2.24]      0.34         [0.09,1.34]      0.35         [0.09,1.40]      0.45         [0.11,1.82]      0.43         [0.11,1.76]
Sustainability~o      1.29         [0.40,4.11]      0.65         [0.17,2.52]      0.74         [0.19,2.93]      0.83         [0.21,3.32]      0.82         [0.20,3.29]
Sustainability~o      0.41         [0.04,4.03]      0.30         [0.03,3.38]      0.35         [0.03,4.06]      0.16         [0.01,2.44]      0.16         [0.01,2.40]
Sustainability~o      0.83         [0.26,2.61]      0.43         [0.11,1.63]      0.43         [0.11,1.64]      0.56         [0.14,2.20]      0.50         [0.13,1.99]
Female                                                 1         [1.00,1.00]         1         [1.00,1.00]         1         [1.00,1.00]         1         [1.00,1.00]
Male                                                1.95***      [1.83,2.07]      1.96***      [1.84,2.08]      1.80***      [1.69,1.92]      1.82***      [1.71,1.94]
Age spline 1                                        1.02         [0.98,1.07]      1.03         [0.98,1.07]      1.08***      [1.03,1.12]      1.08**       [1.03,1.13]
Age spline 2                                        1.45***      [1.32,1.61]      1.44***      [1.31,1.59]      1.18***      [1.08,1.30]      1.20***      [1.08,1.34]
Age spline 3                                        0.38***      [0.30,0.47]      0.38***      [0.30,0.48]      0.63***      [0.50,0.78]      0.59***      [0.46,0.76]
1 least deprived                                                                     1         [1.00,1.00]         1         [1.00,1.00]         1         [1.00,1.00]
2                                                                                 1.08         [0.98,1.20]      1.04         [0.94,1.15]      1.03         [0.93,1.14]
3                                                                                 1.18**       [1.07,1.31]      1.11*        [1.00,1.23]      1.09         [0.98,1.21]
4                                                                                 1.37***      [1.24,1.51]      1.22***      [1.10,1.34]      1.20***      [1.08,1.32]
5 most deprived                                                                   1.57***      [1.43,1.73]      1.31***      [1.19,1.44]      1.30***      [1.18,1.44]
Underweig..5)                                                                                                      1         [1.00,1.00]         1         [1.00,1.00]
Normal (18.5-~9)                                                                                                0.52***      [0.43,0.63]      0.50***      [0.42,0.61]
Overweigh..9 ~4)                                                                                                0.41***      [0.34,0.49]      0.40***      [0.33,0.48]
Obese I (..9 ~4)                                                                                                0.48***      [0.40,0.59]      0.47***      [0.39,0.57]
Obese II ..9 ~4)                                                                                                0.58***      [0.47,0.71]      0.58***      [0.47,0.72]
Obese III..5+)                                                                                                  0.97         [0.77,1.21]      0.94         [0.75,1.19]
Unknown                                                                                                         0.66***      [0.53,0.81]      0.63***      [0.51,0.79]
<6.5%                                                                                                              1         [1.00,1.00]         1         [1.00,1.00]
>=6.5-7.4                                                                                                       0.96         [0.85,1.08]      0.97         [0.86,1.09]
>=7.5-7.9                                                                                                       0.97         [0.81,1.17]      1.00         [0.83,1.21]
>=8-8.9                                                                                                         1.16         [0.98,1.37]      1.17         [0.98,1.39]
>=9                                                                                                             1.23*        [1.04,1.45]      1.16         [0.98,1.38]
Unknown                                                                                                         1.05         [0.96,1.14]      1.04         [0.95,1.13]
Number of GP c~h                                                                                                1.01***      [1.01,1.01]      1.01***      [1.01,1.01]
Never                                                                                                              1         [1.00,1.00]         1         [1.00,1.00]
Former                                                                                                          1.27***      [1.19,1.36]      1.29***      [1.21,1.39]
Current                                                                                                         1.74***      [1.55,1.96]      1.74***      [1.53,1.97]
Diagnosed hype~0                                                                                                   1         [1.00,1.00]         1         [1.00,1.00]
Diagnosed hype~1                                                                                                1.01         [0.95,1.08]      1.03         [0.96,1.11]
Normal                                                                                                             1         [1.00,1.00]         1         [1.00,1.00]
Elevated                                                                                                        0.85**       [0.77,0.94]      0.84**       [0.75,0.93]
High, stage I                                                                                                   0.84***      [0.77,0.92]      0.83***      [0.76,0.91]
High, stage II                                                                                                  0.81***      [0.74,0.89]      0.81***      [0.74,0.89]
Unknown                                                                                                         0.75***      [0.64,0.88]      0.77**       [0.66,0.91]
Asthma categor~0                                                                                                   1         [1.00,1.00]         1         [1.00,1.00]
Asthma categor~1                                                                                                0.95         [0.87,1.03]      0.95         [0.88,1.04]
Chronic Respir~0                                                                                                   1         [1.00,1.00]         1         [1.00,1.00]
Chronic Respir~1                                                                                                1.66***      [1.54,1.78]      1.66***      [1.54,1.79]
Chronic Cardia~0                                                                                                   1         [1.00,1.00]         1         [1.00,1.00]
Chronic Cardia~1                                                                                                1.33***      [1.25,1.42]      1.33***      [1.24,1.42]
No DM                                                                                                              1         [1.00,1.00]         1         [1.00,1.00]
T1DM                                                                                                            1.89***      [1.37,2.61]      2.04***      [1.47,2.83]
T2DM                                                                                                            1.39***      [1.25,1.54]      1.38***      [1.24,1.54]
UNKNOWN_DM                                                                                                      1.15*        [1.00,1.31]      1.13         [0.99,1.30]
Cancer=0                                                                                                           1         [1.00,1.00]         1         [1.00,1.00]
Cancer=1                                                                                                        1.84***      [1.71,1.97]      1.73***      [1.61,1.86]
Chronic liver ~0                                                                                                   1         [1.00,1.00]         1         [1.00,1.00]
Chronic liver ~1                                                                                                2.24***      [1.84,2.72]      2.02***      [1.65,2.48]
Stroke=0                                                                                                           1         [1.00,1.00]         1         [1.00,1.00]
Stroke=1                                                                                                        1.20***      [1.10,1.31]      1.18***      [1.07,1.28]
Dementia=0                                                                                                         1         [1.00,1.00]         1         [1.00,1.00]
Dementia=1                                                                                                      1.42***      [1.21,1.67]      1.30**       [1.10,1.54]
Neurological d~0                                                                                                   1         [1.00,1.00]         1         [1.00,1.00]
Neurological d~1                                                                                                1.88***      [1.63,2.18]      1.81***      [1.56,2.10]
egfr >=60                                                                                                          1         [1.00,1.00]         1         [1.00,1.00]
eGFR <60                                                                                                        1.47***      [1.37,1.57]      1.49***      [1.39,1.60]
end stage rena~0                                                                                                   1         [1.00,1.00]         1         [1.00,1.00]
end stage rena~1                                                                                                1.55**       [1.16,2.06]      1.52**       [1.13,2.04]
Immunosuppress~=                                                                                                   1         [1.00,1.00]         1         [1.00,1.00]
Immunosuppress~=                                                                                                1.99***      [1.52,2.61]      1.95***      [1.47,2.59]
Autoimmune dis~0                                                                                                   1         [1.00,1.00]         1         [1.00,1.00]
Autoimmune dis~1                                                                                                1.16**       [1.05,1.29]      1.16**       [1.04,1.28]
1-2                                                                                                                                              1         [1.00,1.00]
3-5                                                                                                                                           0.84***      [0.77,0.93]
6-10                                                                                                                                          1.14         [0.96,1.35]
11+                                                                                                                                           1.01         [0.83,1.24]
Unknown                                                                                                                                       0.87**       [0.79,0.96]
----------------------------------------------------------------------------------------------------------------------------------------------------------------------
N_sub                                                                                                                                                                 
----------------------------------------------------------------------------------------------------------------------------------------------------------------------
Exponentiated coefficients; 95% confidence intervals in brackets
* p<0.05, ** p<0.01, *** p<0.001
