Table 0: Outcome counts by ethnic group
	Total	1	2	3	4	5	6	7	8	9	10	11	12	13	14	15	16	17
Main population: no care homes
N	 1.76e+07 (100.0)	  9845315 (100.0)	   81,185 (100.0)	  1396583 (100.0)	   41,228 (100.0)	   34,991 (100.0)	   36,257 (100.0)	   67,081 (100.0)	  447,812 (100.0)	  309,214 (100.0)	   73,154 (100.0)	  231,156 (100.0)	   84,219 (100.0)	  199,012 (100.0)	   72,394 (100.0)	  105,658 (100.0)	  229,304 (100.0)	  4381803 (100.0)	

tested	  2634188 (14.9)	  1560832 (15.9)	   11,685 (14.4)	  152,904 (10.9)	    6,797 (16.5)	    5,087 (14.5)	    5,519 (15.2)	    9,081 (13.5)	   65,506 (14.6)	   58,410 (18.9)	   11,271 (15.4)	   30,234 (13.1)	   10,638 (12.6)	   27,172 (13.7)	    9,806 (13.5)	    6,435 (6.1)	   26,267 (11.5)	  636,544 (14.5)	
positivetest	  507,278 (2.9)	  275,342 (2.8)	    1,773 (2.2)	   31,149 (2.2)	    1,414 (3.4)	    1,111 (3.2)	    1,214 (3.3)	    1,849 (2.8)	   18,681 (4.2)	   19,796 (6.4)	    3,938 (5.4)	    8,484 (3.7)	    2,147 (2.5)	    5,929 (3.0)	    2,153 (3.0)	      783 (0.7)	    6,219 (2.7)	  125,296 (2.9)	
hes	   18,855 (0.1)	   11,209 (0.1)	       92 (0.1)	      819 (0.1)	       39 (0.1)	       21 (0.1)	       34 (0.1)	       38 (0.1)	      665 (0.1)	      992 (0.3)	      151 (0.2)	      292 (0.1)	      117 (0.1)	      177 (0.1)	       68 (0.1)	       20 (0.0)	      202 (0.1)	    3,919 (0.1)	
icu	    3,351 (0.0)	    1,767 (0.0)	       11 (0.0)	      191 (0.0)	       10 (0.0)	       11 (0.0)	       13 (0.0)	       10 (0.0)	      169 (0.0)	      211 (0.1)	       47 (0.1)	      107 (0.0)	       33 (0.0)	       51 (0.0)	       22 (0.0)	        8 (0.0)	       52 (0.0)	      638 (0.0)	
onscoviddeath	    7,366 (0.0)	    4,599 (0.0)	       32 (0.0)	      243 (0.0)	        7 (0.0)	        6 (0.0)	        5 (0.0)	        8 (0.0)	      205 (0.0)	      240 (0.1)	       39 (0.1)	       48 (0.0)	       44 (0.1)	       19 (0.0)	       12 (0.0)	        6 (0.0)	       29 (0.0)	    1,824 (0.0)	
ons_noncoviddeath	   41,801 (0.2)	   26,499 (0.3)	      289 (0.4)	    1,441 (0.1)	       47 (0.1)	       21 (0.1)	       23 (0.1)	       43 (0.1)	      488 (0.1)	      314 (0.1)	       53 (0.1)	      118 (0.1)	      185 (0.2)	      103 (0.1)	       61 (0.1)	       46 (0.0)	      133 (0.1)	   11,937 (0.3)	
onsdeath	   49,167 (0.3)	   31,098 (0.3)	      321 (0.4)	    1,684 (0.1)	       54 (0.1)	       27 (0.1)	       28 (0.1)	       51 (0.1)	      693 (0.2)	      554 (0.2)	       92 (0.1)	      166 (0.1)	      229 (0.3)	      122 (0.1)	       73 (0.1)	       52 (0.0)	      162 (0.1)	   13,761 (0.3)	
any_resp_support_flag	    3,657 (0.0)	    1,880 (0.0)	       13 (0.0)	      212 (0.0)	       13 (0.0)	       11 (0.0)	       12 (0.0)	       11 (0.0)	      188 (0.0)	      232 (0.1)	       53 (0.1)	      114 (0.0)	       43 (0.1)	       59 (0.0)	       21 (0.0)	        8 (0.0)	       67 (0.0)	      720 (0.0)	
basic_resp_support_flag	    3,155 (0.0)	    1,655 (0.0)	        9 (0.0)	      183 (0.0)	       11 (0.0)	       10 (0.0)	        9 (0.0)	        9 (0.0)	      137 (0.0)	      196 (0.1)	       44 (0.1)	       98 (0.0)	       35 (0.0)	       51 (0.0)	       16 (0.0)	        8 (0.0)	       57 (0.0)	      627 (0.0)	
advanced_resp_support_flag	    1,657 (0.0)	      805 (0.0)	        6 (0.0)	       92 (0.0)	        6 (0.0)	        5 (0.0)	        6 (0.0)	        4 (0.0)	      115 (0.0)	      105 (0.0)	       28 (0.0)	       54 (0.0)	       26 (0.0)	       31 (0.0)	        9 (0.0)	        4 (0.0)	       33 (0.0)	      328 (0.0)	
Care home population
N	   71,890 (100.0)	   48,976 (100.0)	      540 (100.0)	    2,768 (100.0)	       66 (100.0)	       46 (100.0)	       43 (100.0)	       75 (100.0)	      345 (100.0)	      101 (100.0)	       14 (100.0)	      188 (100.0)	      248 (100.0)	      188 (100.0)	      115 (100.0)	       57 (100.0)	      276 (100.0)	   17,844 (100.0)	

tested	   12,875 (17.9)	    9,015 (18.4)	       86 (15.9)	      384 (13.9)	       15 (22.7)	       13 (28.3)	        3 (7.0)	        9 (12.0)	       67 (19.4)	       18 (17.8)	        4 (28.6)	       21 (11.2)	       36 (14.5)	       23 (12.2)	       12 (10.4)	        9 (15.8)	       42 (15.2)	    3,118 (17.5)	
positivetest	    7,780 (10.8)	    5,521 (11.3)	       56 (10.4)	      227 (8.2)	        8 (12.1)	        4 (8.7)	        1 (2.3)	        2 (2.7)	       36 (10.4)	        8 (7.9)	        1 (7.1)	       12 (6.4)	       23 (9.3)	       12 (6.4)	        4 (3.5)	        6 (10.5)	       25 (9.1)	    1,834 (10.3)	
hes	      624 (0.9)	      442 (0.9)	        3 (0.6)	       17 (0.6)	        3 (4.5)	        0 (0.0)	        0 (0.0)	        0 (0.0)	        6 (1.7)	        2 (2.0)	        0 (0.0)	        1 (0.5)	        7 (2.8)	        0 (0.0)	        0 (0.0)	        1 (1.8)	        1 (0.4)	      141 (0.8)	
icu	        8 (0.0)	        8 (0.0)	        0 (0.0)	        0 (0.0)	        0 (0.0)	        0 (0.0)	        0 (0.0)	        0 (0.0)	        0 (0.0)	        0 (0.0)	        0 (0.0)	        0 (0.0)	        0 (0.0)	        0 (0.0)	        0 (0.0)	        0 (0.0)	        0 (0.0)	        0 (0.0)	
onscoviddeath	    1,437 (2.0)	    1,024 (2.1)	       10 (1.9)	       37 (1.3)	        2 (3.0)	        0 (0.0)	        0 (0.0)	        0 (0.0)	       13 (3.8)	        1 (1.0)	        0 (0.0)	        1 (0.5)	        5 (2.0)	        1 (0.5)	        0 (0.0)	        1 (1.8)	        4 (1.4)	      338 (1.9)	
ons_noncoviddeath	    6,217 (8.6)	    4,210 (8.6)	       39 (7.2)	      197 (7.1)	        2 (3.0)	        1 (2.2)	        0 (0.0)	        3 (4.0)	       15 (4.3)	        3 (3.0)	        0 (0.0)	       11 (5.9)	       14 (5.6)	        3 (1.6)	        1 (0.9)	        3 (5.3)	        7 (2.5)	    1,708 (9.6)	
onsdeath	    7,654 (10.6)	    5,234 (10.7)	       49 (9.1)	      234 (8.5)	        4 (6.1)	        1 (2.2)	        0 (0.0)	        3 (4.0)	       28 (8.1)	        4 (4.0)	        0 (0.0)	       12 (6.4)	       19 (7.7)	        4 (2.1)	        1 (0.9)	        4 (7.0)	       11 (4.0)	    2,046 (11.5)	
any_resp_support_flag	        9 (0.0)	        8 (0.0)	        0 (0.0)	        1 (0.0)	        0 (0.0)	        0 (0.0)	        0 (0.0)	        0 (0.0)	        0 (0.0)	        0 (0.0)	        0 (0.0)	        0 (0.0)	        0 (0.0)	        0 (0.0)	        0 (0.0)	        0 (0.0)	        0 (0.0)	        0 (0.0)	
basic_resp_support_flag	        6 (0.0)	        5 (0.0)	        0 (0.0)	        1 (0.0)	        0 (0.0)	        0 (0.0)	        0 (0.0)	        0 (0.0)	        0 (0.0)	        0 (0.0)	        0 (0.0)	        0 (0.0)	        0 (0.0)	        0 (0.0)	        0 (0.0)	        0 (0.0)	        0 (0.0)	        0 (0.0)	
advanced_resp_support_flag	        4 (0.0)	        4 (0.0)	        0 (0.0)	        0 (0.0)	        0 (0.0)	        0 (0.0)	        0 (0.0)	        0 (0.0)	        0 (0.0)	        0 (0.0)	        0 (0.0)	        0 (0.0)	        0 (0.0)	        0 (0.0)	        0 (0.0)	        0 (0.0)	        0 (0.0)	        0 (0.0)	
