Table 0: Outcome qui counts by ethnic group
	Total	1	2	3	4	5	6
Main population: no care homes
N	 1.76e+07 (100.0)	 1.13e+07 (100.0)	  1061336 (100.0)	  355,625 (100.0)	  179,557 (100.0)	  334,962 (100.0)	  4381803 (100.0)	

tested	  2634188 (14.9)	  1725421 (15.2)	  165,421 (15.6)	   47,616 (13.4)	   26,484 (14.7)	   32,702 (9.8)	  636,544 (14.5)	
positivetest	  507,278 (2.9)	  308,264 (2.7)	   50,899 (4.8)	   10,229 (2.9)	    5,588 (3.1)	    7,002 (2.1)	  125,296 (2.9)	
hes	   18,855 (0.1)	   12,120 (0.1)	    2,100 (0.2)	      362 (0.1)	      132 (0.1)	      222 (0.1)	    3,919 (0.1)	
icu	    3,351 (0.0)	    1,969 (0.0)	      534 (0.1)	      106 (0.0)	       44 (0.0)	       60 (0.0)	      638 (0.0)	
onscoviddeath	    7,366 (0.0)	    4,874 (0.0)	      532 (0.1)	       75 (0.0)	       26 (0.0)	       35 (0.0)	    1,824 (0.0)	
ons_noncoviddeath	   41,801 (0.2)	   28,229 (0.2)	      973 (0.1)	      349 (0.1)	      134 (0.1)	      179 (0.1)	   11,937 (0.3)	
onsdeath	   49,167 (0.3)	   33,103 (0.3)	    1,505 (0.1)	      424 (0.1)	      160 (0.1)	      214 (0.1)	   13,761 (0.3)	
any_resp_support_flag	    3,657 (0.0)	    2,105 (0.0)	      587 (0.1)	      123 (0.0)	       47 (0.0)	       75 (0.0)	      720 (0.0)	
basic_resp_support_flag	    3,155 (0.0)	    1,847 (0.0)	      475 (0.0)	      102 (0.0)	       39 (0.0)	       65 (0.0)	      627 (0.0)	
advanced_resp_support_flag	    1,657 (0.0)	      903 (0.0)	      302 (0.0)	       66 (0.0)	       21 (0.0)	       37 (0.0)	      328 (0.0)	
Care home population
N	   71,890 (100.0)	   52,284 (100.0)	      648 (100.0)	      551 (100.0)	      230 (100.0)	      333 (100.0)	   17,844 (100.0)	

tested	   12,875 (17.9)	    9,485 (18.1)	      110 (17.0)	       71 (12.9)	       40 (17.4)	       51 (15.3)	    3,118 (17.5)	
positivetest	    7,780 (10.8)	    5,804 (11.1)	       57 (8.8)	       39 (7.1)	       15 (6.5)	       31 (9.3)	    1,834 (10.3)	
hes	      624 (0.9)	      462 (0.9)	        9 (1.4)	        7 (1.3)	        3 (1.3)	        2 (0.6)	      141 (0.8)	
icu	        8 (0.0)	        8 (0.0)	        0 (0.0)	        0 (0.0)	        0 (0.0)	        0 (0.0)	        0 (0.0)	
onscoviddeath	    1,437 (2.0)	    1,071 (2.0)	       15 (2.3)	        6 (1.1)	        2 (0.9)	        5 (1.5)	      338 (1.9)	
ons_noncoviddeath	    6,217 (8.6)	    4,446 (8.5)	       29 (4.5)	       18 (3.3)	        6 (2.6)	       10 (3.0)	    1,708 (9.6)	
onsdeath	    7,654 (10.6)	    5,517 (10.6)	       44 (6.8)	       24 (4.4)	        8 (3.5)	       15 (4.5)	    2,046 (11.5)	
any_resp_support_flag	        9 (0.0)	        9 (0.0)	        0 (0.0)	        0 (0.0)	        0 (0.0)	        0 (0.0)	        0 (0.0)	
basic_resp_support_flag	        6 (0.0)	        6 (0.0)	        0 (0.0)	        0 (0.0)	        0 (0.0)	        0 (0.0)	        0 (0.0)	
advanced_resp_support_flag	        4 (0.0)	        4 (0.0)	        0 (0.0)	        0 (0.0)	        0 (0.0)	        0 (0.0)	        0 (0.0)	
