hes
----------------------------------------------------------------------------------------------------------------------------------------------------------------------
                       (1)                           (2)                           (3)                           (4)                           (5)                    
                    hes_30                        hes_30                        hes_30                     outcome~s                        hes_30                    
----------------------------------------------------------------------------------------------------------------------------------------------------------------------
main                                                                                                                                                                  
White                    1         [1.00,1.00]         1         [1.00,1.00]         1         [1.00,1.00]         1         [1.00,1.00]         1         [1.00,1.00]
South Asian           1.00         [0.95,1.06]      1.62***      [1.53,1.72]      1.46***      [1.37,1.55]      1.34***      [1.26,1.43]      1.38***      [1.29,1.48]
Black                 0.99         [0.88,1.12]      1.78***      [1.56,2.03]      1.56***      [1.37,1.78]      1.58***      [1.38,1.81]      1.59***      [1.39,1.82]
Mixed                 0.67***      [0.55,0.80]      1.59***      [1.30,1.93]      1.48***      [1.22,1.80]      1.46***      [1.20,1.79]      1.48***      [1.21,1.80]
Other                 0.90         [0.77,1.04]      1.85***      [1.57,2.16]      1.70***      [1.45,1.99]      1.77***      [1.51,2.08]      1.79***      [1.52,2.11]
Unknown               0.79***      [0.76,0.82]      1.00         [0.96,1.05]      1.01         [0.96,1.05]      1.04         [1.00,1.09]      1.05*        [1.00,1.10]
Sustainability~o         1         [1.00,1.00]         1         [1.00,1.00]         1         [1.00,1.00]         1         [1.00,1.00]         1         [1.00,1.00]
Sustainability~o      0.90         [0.44,1.83]      0.70         [0.33,1.51]      0.70         [0.32,1.50]      0.73         [0.33,1.60]      0.74         [0.34,1.62]
Sustainability~o      1.01         [0.49,2.06]      0.72         [0.33,1.54]      0.73         [0.34,1.58]      0.80         [0.36,1.74]      0.80         [0.36,1.76]
Sustainability~o      1.24         [0.61,2.55]      0.90         [0.41,1.94]      0.89         [0.41,1.93]      0.95         [0.43,2.08]      0.95         [0.43,2.11]
Sustainability~o      0.96         [0.46,1.99]      0.67         [0.31,1.47]      0.75         [0.34,1.65]      0.77         [0.35,1.72]      0.78         [0.35,1.74]
Sustainability~o      1.30         [0.64,2.66]      0.89         [0.41,1.90]      0.88         [0.41,1.89]      0.91         [0.42,1.99]      0.92         [0.42,2.02]
Sustainability~o      1.85         [0.89,3.85]      1.16         [0.53,2.55]      1.20         [0.54,2.64]      1.29         [0.57,2.88]      1.32         [0.59,2.97]
Sustainability~o      1.27         [0.62,2.59]      0.91         [0.42,1.97]      0.98         [0.45,2.11]      1.01         [0.46,2.21]      1.02         [0.46,2.24]
Sustainability~o      1.14         [0.56,2.34]      0.66         [0.31,1.43]      0.69         [0.32,1.49]      0.70         [0.32,1.54]      0.70         [0.32,1.55]
Sustainability~o      1.11         [0.54,2.27]      0.77         [0.36,1.67]      0.80         [0.37,1.74]      0.82         [0.37,1.79]      0.82         [0.37,1.81]
Sustainability~o      1.04         [0.51,2.12]      0.81         [0.38,1.75]      0.92         [0.42,1.98]      0.98         [0.45,2.15]      1.00         [0.45,2.19]
Sustainability~o      1.59         [0.78,3.27]      1.06         [0.49,2.28]      0.97         [0.45,2.09]      1.04         [0.47,2.28]      1.05         [0.48,2.31]
Sustainability~o      1.17         [0.57,2.40]      0.82         [0.38,1.77]      0.80         [0.37,1.73]      0.89         [0.40,1.95]      0.89         [0.40,1.96]
Sustainability~o      1.06         [0.51,2.17]      0.81         [0.37,1.75]      0.88         [0.41,1.92]      0.91         [0.41,2.00]      0.92         [0.42,2.03]
Sustainability~o      0.74         [0.36,1.52]      0.67         [0.31,1.46]      0.72         [0.33,1.58]      0.74         [0.34,1.65]      0.76         [0.34,1.68]
Sustainability~o      1.03         [0.50,2.13]      0.68         [0.32,1.49]      0.72         [0.33,1.57]      0.78         [0.35,1.72]      0.79         [0.36,1.75]
Sustainability~o      1.12         [0.54,2.31]      0.75         [0.34,1.63]      0.83         [0.38,1.81]      0.85         [0.38,1.88]      0.86         [0.38,1.90]
Sustainability~o      0.94         [0.46,1.93]      0.71         [0.33,1.54]      0.80         [0.37,1.73]      0.76         [0.35,1.68]      0.77         [0.35,1.71]
Sustainability~o      0.53         [0.26,1.11]      0.42*        [0.19,0.92]      0.50         [0.23,1.08]      0.53         [0.24,1.18]      0.53         [0.24,1.19]
Sustainability~o      0.66         [0.32,1.36]      0.42*        [0.19,0.91]      0.47         [0.22,1.03]      0.50         [0.23,1.10]      0.51         [0.23,1.12]
Sustainability~o      0.77         [0.38,1.58]      0.60         [0.28,1.31]      0.66         [0.30,1.42]      0.68         [0.31,1.50]      0.69         [0.31,1.53]
Sustainability~o      0.83         [0.39,1.79]      0.69         [0.30,1.56]      0.76         [0.33,1.73]      0.83         [0.36,1.92]      0.84         [0.36,1.96]
Sustainability~o      0.83         [0.40,1.71]      0.55         [0.25,1.21]      0.65         [0.30,1.42]      0.70         [0.31,1.55]      0.71         [0.32,1.57]
Sustainability~o      0.45         [0.16,1.26]      0.34         [0.11,1.01]      0.42         [0.14,1.26]      0.41         [0.13,1.26]      0.41         [0.13,1.27]
Sustainability~o      0.57         [0.25,1.28]      0.54         [0.23,1.28]      0.56         [0.23,1.33]      0.67         [0.28,1.62]      0.63         [0.26,1.52]
Sustainability~o      1.35         [0.66,2.78]      0.82         [0.38,1.79]      0.91         [0.42,1.98]      0.93         [0.42,2.06]      0.93         [0.42,2.06]
Sustainability~o      0.87         [0.42,1.79]      0.67         [0.31,1.45]      0.79         [0.36,1.72]      0.85         [0.39,1.89]      0.86         [0.39,1.90]
Sustainability~o      1.00         [0.49,2.05]      0.63         [0.29,1.37]      0.73         [0.34,1.59]      0.80         [0.36,1.77]      0.81         [0.36,1.79]
Sustainability~o      0.83         [0.40,1.72]      0.59         [0.27,1.29]      0.61         [0.28,1.34]      0.67         [0.30,1.50]      0.68         [0.30,1.51]
Sustainability~o      1.09         [0.52,2.24]      0.78         [0.36,1.71]      0.91         [0.42,2.00]      0.94         [0.42,2.09]      0.95         [0.42,2.11]
Sustainability~o      1.18         [0.41,3.35]      1.03         [0.34,3.16]      1.30         [0.42,3.97]      1.11         [0.34,3.64]      1.12         [0.34,3.71]
Sustainability~o      1.07         [0.52,2.19]      0.78         [0.36,1.68]      0.77         [0.36,1.67]      0.82         [0.38,1.80]      0.83         [0.38,1.81]
Female                                                 1         [1.00,1.00]         1         [1.00,1.00]         1         [1.00,1.00]         1         [1.00,1.00]
Male                                                1.41***      [1.37,1.46]      1.42***      [1.38,1.47]      1.41***      [1.36,1.46]      1.41***      [1.36,1.46]
Age spline 1                                        1.03***      [1.02,1.03]      1.03***      [1.02,1.03]      1.03***      [1.02,1.04]      1.03***      [1.03,1.04]
Age spline 2                                        1.10***      [1.08,1.12]      1.10***      [1.08,1.12]      1.04***      [1.02,1.06]      1.03*        [1.00,1.05]
Age spline 3                                        0.83***      [0.79,0.87]      0.83***      [0.78,0.87]      0.96         [0.91,1.01]      0.99         [0.94,1.04]
1 least deprived                                                                     1         [1.00,1.00]         1         [1.00,1.00]         1         [1.00,1.00]
2                                                                                 1.08*        [1.02,1.16]      1.03         [0.97,1.10]      1.03         [0.97,1.10]
3                                                                                 1.26***      [1.18,1.34]      1.16***      [1.09,1.24]      1.15***      [1.08,1.23]
4                                                                                 1.42***      [1.34,1.50]      1.24***      [1.16,1.31]      1.23***      [1.16,1.31]
5 most deprived                                                                   1.79***      [1.69,1.89]      1.47***      [1.38,1.55]      1.46***      [1.37,1.55]
Underweig..5)                                                                                                      1         [1.00,1.00]         1         [1.00,1.00]
Normal (18.5-~9)                                                                                                0.73***      [0.63,0.84]      0.72***      [0.62,0.83]
Overweigh..9 ~4)                                                                                                0.74***      [0.64,0.85]      0.72***      [0.62,0.84]
Obese I (..9 ~4)                                                                                                0.91         [0.78,1.05]      0.89         [0.77,1.04]
Obese II ..9 ~4)                                                                                                1.12         [0.96,1.31]      1.11         [0.95,1.29]
Obese III..5+)                                                                                                  1.49***      [1.27,1.74]      1.47***      [1.25,1.73]
Unknown                                                                                                         0.92         [0.79,1.08]      0.91         [0.78,1.06]
<6.5%                                                                                                              1         [1.00,1.00]         1         [1.00,1.00]
>=6.5-7.4                                                                                                       1.03         [0.94,1.12]      1.03         [0.95,1.12]
>=7.5-7.9                                                                                                       1.06         [0.93,1.20]      1.06         [0.93,1.21]
>=8-8.9                                                                                                         1.26***      [1.12,1.42]      1.27***      [1.12,1.43]
>=9                                                                                                             1.62***      [1.45,1.81]      1.62***      [1.45,1.81]
Unknown                                                                                                         0.99         [0.94,1.04]      0.99         [0.95,1.04]
Number of GP c~h                                                                                                1.02***      [1.01,1.02]      1.02***      [1.01,1.02]
Never                                                                                                              1         [1.00,1.00]         1         [1.00,1.00]
Former                                                                                                          1.10***      [1.05,1.14]      1.09***      [1.04,1.13]
Current                                                                                                         1.00         [0.94,1.07]      0.99         [0.93,1.06]
Diagnosed hype~0                                                                                                   1         [1.00,1.00]         1         [1.00,1.00]
Diagnosed hype~1                                                                                                1.07**       [1.03,1.12]      1.07**       [1.02,1.12]
Normal                                                                                                             1         [1.00,1.00]         1         [1.00,1.00]
Elevated                                                                                                        0.89***      [0.84,0.95]      0.89***      [0.83,0.95]
High, stage I                                                                                                   0.91***      [0.86,0.96]      0.90***      [0.85,0.95]
High, stage II                                                                                                  0.94         [0.89,1.00]      0.94*        [0.89,0.99]
Unknown                                                                                                         0.70***      [0.65,0.75]      0.70***      [0.65,0.75]
Asthma categor~0                                                                                                   1         [1.00,1.00]         1         [1.00,1.00]
Asthma categor~1                                                                                                1.15***      [1.10,1.21]      1.16***      [1.10,1.21]
Chronic Respir~0                                                                                                   1         [1.00,1.00]         1         [1.00,1.00]
Chronic Respir~1                                                                                                2.09***      [1.98,2.20]      2.08***      [1.97,2.19]
Chronic Cardia~0                                                                                                   1         [1.00,1.00]         1         [1.00,1.00]
Chronic Cardia~1                                                                                                1.32***      [1.26,1.38]      1.31***      [1.25,1.37]
No DM                                                                                                              1         [1.00,1.00]         1         [1.00,1.00]
T1DM                                                                                                            1.83***      [1.52,2.21]      1.84***      [1.52,2.22]
T2DM                                                                                                            1.25***      [1.16,1.35]      1.26***      [1.16,1.36]
UNKNOWN_DM                                                                                                      1.21***      [1.11,1.32]      1.20***      [1.10,1.31]
Cancer=0                                                                                                           1         [1.00,1.00]         1         [1.00,1.00]
Cancer=1                                                                                                        1.54***      [1.46,1.63]      1.53***      [1.45,1.61]
Chronic liver ~0                                                                                                   1         [1.00,1.00]         1         [1.00,1.00]
Chronic liver ~1                                                                                                1.90***      [1.66,2.18]      1.91***      [1.66,2.19]
Stroke=0                                                                                                           1         [1.00,1.00]         1         [1.00,1.00]
Stroke=1                                                                                                        1.28***      [1.19,1.37]      1.28***      [1.19,1.37]
Dementia=0                                                                                                         1         [1.00,1.00]         1         [1.00,1.00]
Dementia=1                                                                                                      0.94         [0.81,1.10]      0.99         [0.85,1.16]
Neurological d~0                                                                                                   1         [1.00,1.00]         1         [1.00,1.00]
Neurological d~1                                                                                                1.75***      [1.57,1.96]      1.77***      [1.58,1.98]
egfr >=60                                                                                                          1         [1.00,1.00]         1         [1.00,1.00]
eGFR <60                                                                                                        1.26***      [1.19,1.33]      1.25***      [1.19,1.32]
end stage rena~0                                                                                                   1         [1.00,1.00]         1         [1.00,1.00]
end stage rena~1                                                                                                2.37***      [1.93,2.92]      2.39***      [1.94,2.94]
Immunosuppress~=                                                                                                   1         [1.00,1.00]         1         [1.00,1.00]
Immunosuppress~=                                                                                                1.39***      [1.16,1.67]      1.38***      [1.15,1.65]
Autoimmune dis~0                                                                                                   1         [1.00,1.00]         1         [1.00,1.00]
Autoimmune dis~1                                                                                                1.09**       [1.02,1.17]      1.10**       [1.03,1.17]
1-2                                                                                                                                              1         [1.00,1.00]
3-5                                                                                                                                           0.81***      [0.77,0.85]
6-10                                                                                                                                          0.94         [0.87,1.03]
11+                                                                                                                                           0.48***      [0.40,0.57]
Unknown                                                                                                                                       0.89***      [0.84,0.94]
----------------------------------------------------------------------------------------------------------------------------------------------------------------------
N_sub                                                                                                                                                                 
----------------------------------------------------------------------------------------------------------------------------------------------------------------------
Exponentiated coefficients; 95% confidence intervals in brackets
* p<0.05, ** p<0.01, *** p<0.001
onscoviddeath
----------------------------------------------------------------------------------------------------------------------------------------------------------------------
                       (1)                           (2)                           (3)                           (4)                           (5)                    
                 onscov~30                     onscov~30                     onscov~30                     outcome~h                     onscov~30                    
----------------------------------------------------------------------------------------------------------------------------------------------------------------------
main                                                                                                                                                                  
White                    1         [1.00,1.00]         1         [1.00,1.00]         1         [1.00,1.00]         1         [1.00,1.00]         1         [1.00,1.00]
South Asian           0.66***      [0.59,0.74]      1.42***      [1.25,1.61]      1.30***      [1.15,1.48]      1.38***      [1.21,1.57]      1.34***      [1.16,1.54]
Black                 0.55***      [0.42,0.72]      1.43*        [1.05,1.94]      1.29         [0.95,1.76]      1.34         [0.99,1.83]      1.36         [0.99,1.86]
Mixed                 0.31***      [0.20,0.50]      1.43         [0.86,2.36]      1.32         [0.80,2.19]      1.31         [0.79,2.16]      1.32         [0.79,2.21]
Other                 0.29***      [0.19,0.46]      0.99         [0.62,1.58]      0.93         [0.58,1.49]      0.90         [0.56,1.44]      0.93         [0.57,1.50]
Unknown               0.89***      [0.83,0.95]      1.12**       [1.04,1.21]      1.13**       [1.05,1.21]      1.14***      [1.06,1.23]      1.14***      [1.06,1.23]
Sustainability~o         1         [1.00,1.00]         1         [1.00,1.00]         1         [1.00,1.00]         1         [1.00,1.00]         1         [1.00,1.00]
Sustainability~o      0.59         [0.19,1.85]      0.34         [0.09,1.29]      0.34         [0.09,1.30]      0.42         [0.11,1.64]      0.39         [0.10,1.54]
Sustainability~o      0.91         [0.29,2.88]      0.47         [0.13,1.79]      0.48         [0.12,1.84]      0.62         [0.16,2.42]      0.57         [0.15,2.24]
Sustainability~o      1.04         [0.33,3.30]      0.54         [0.14,2.05]      0.53         [0.14,2.04]      0.64         [0.16,2.54]      0.60         [0.15,2.40]
Sustainability~o      0.93         [0.29,2.99]      0.47         [0.12,1.83]      0.51         [0.13,2.01]      0.63         [0.16,2.51]      0.57         [0.14,2.28]
Sustainability~o      1.02         [0.32,3.21]      0.46         [0.12,1.72]      0.45         [0.12,1.72]      0.54         [0.14,2.10]      0.50         [0.13,1.98]
Sustainability~o      1.64         [0.51,5.34]      0.59         [0.15,2.31]      0.61         [0.15,2.41]      0.71         [0.18,2.86]      0.70         [0.17,2.83]
Sustainability~o      0.94         [0.30,2.95]      0.46         [0.12,1.73]      0.48         [0.12,1.84]      0.55         [0.14,2.15]      0.52         [0.13,2.05]
Sustainability~o      1.62         [0.51,5.12]      0.64         [0.17,2.42]      0.65         [0.17,2.51]      0.73         [0.19,2.87]      0.70         [0.18,2.76]
Sustainability~o      1.06         [0.34,3.34]      0.52         [0.14,1.95]      0.53         [0.14,2.03]      0.62         [0.16,2.42]      0.59         [0.15,2.32]
Sustainability~o      0.70         [0.22,2.21]      0.39         [0.10,1.49]      0.43         [0.11,1.67]      0.51         [0.13,2.01]      0.49         [0.12,1.94]
Sustainability~o      1.28         [0.40,4.04]      0.52         [0.14,1.99]      0.48         [0.12,1.86]      0.57         [0.15,2.26]      0.54         [0.14,2.13]
Sustainability~o      0.93         [0.29,2.95]      0.41         [0.11,1.57]      0.40         [0.10,1.55]      0.50         [0.13,1.97]      0.48         [0.12,1.91]
Sustainability~o      0.97         [0.30,3.09]      0.54         [0.14,2.07]      0.58         [0.15,2.26]      0.66         [0.17,2.60]      0.62         [0.16,2.47]
Sustainability~o      0.52         [0.16,1.69]      0.35         [0.09,1.36]      0.37         [0.09,1.45]      0.44         [0.11,1.75]      0.41         [0.10,1.64]
Sustainability~o      0.84         [0.26,2.70]      0.36         [0.09,1.37]      0.37         [0.09,1.44]      0.44         [0.11,1.73]      0.42         [0.11,1.68]
Sustainability~o      1.39         [0.44,4.43]      0.62         [0.16,2.38]      0.66         [0.17,2.59]      0.75         [0.19,2.97]      0.70         [0.18,2.81]
Sustainability~o      1.04         [0.33,3.31]      0.58         [0.15,2.22]      0.63         [0.16,2.46]      0.67         [0.17,2.62]      0.64         [0.16,2.56]
Sustainability~o      0.66         [0.21,2.11]      0.43         [0.11,1.65]      0.48         [0.12,1.89]      0.59         [0.15,2.33]      0.57         [0.14,2.28]
Sustainability~o      1.21         [0.38,3.83]      0.59         [0.16,2.24]      0.64         [0.17,2.48]      0.81         [0.21,3.18]      0.77         [0.19,3.03]
Sustainability~o      0.53         [0.17,1.70]      0.31         [0.08,1.18]      0.32         [0.08,1.26]      0.40         [0.10,1.57]      0.36         [0.09,1.41]
Sustainability~o      0.78         [0.23,2.73]      0.53         [0.13,2.24]      0.57         [0.13,2.43]      0.64         [0.15,2.79]      0.66         [0.15,2.87]
Sustainability~o      0.75         [0.23,2.39]      0.32         [0.08,1.23]      0.36         [0.09,1.41]      0.44         [0.11,1.75]      0.42         [0.10,1.67]
Sustainability~o      0.49         [0.10,2.43]      0.29         [0.05,1.77]      0.34         [0.06,2.11]      0.36         [0.06,2.27]      0.36         [0.06,2.29]
Sustainability~o      0.63         [0.17,2.25]      0.56         [0.13,2.43]      0.57         [0.13,2.50]      0.71         [0.16,3.17]      0.71         [0.16,3.22]
Sustainability~o      1.08         [0.34,3.45]      0.39         [0.10,1.49]      0.42         [0.11,1.64]      0.47         [0.12,1.85]      0.46         [0.12,1.83]
Sustainability~o      0.67         [0.21,2.16]      0.37         [0.10,1.42]      0.42         [0.11,1.63]      0.51         [0.13,2.01]      0.48         [0.12,1.90]
Sustainability~o      1.01         [0.32,3.22]      0.39         [0.10,1.48]      0.43         [0.11,1.69]      0.52         [0.13,2.06]      0.51         [0.13,2.01]
Sustainability~o      0.61         [0.19,1.98]      0.30         [0.08,1.16]      0.31         [0.08,1.21]      0.39         [0.10,1.57]      0.37         [0.09,1.50]
Sustainability~o      1.22         [0.38,3.90]      0.62         [0.16,2.37]      0.70         [0.18,2.75]      0.77         [0.19,3.08]      0.76         [0.19,3.03]
Sustainability~o      0.42         [0.04,4.04]      0.29         [0.03,3.33]      0.35         [0.03,4.01]      0.17         [0.01,2.47]      0.16         [0.01,2.37]
Sustainability~o      0.76         [0.24,2.39]      0.39         [0.10,1.46]      0.38         [0.10,1.47]      0.47         [0.12,1.83]      0.44         [0.11,1.74]
Female                                                 1         [1.00,1.00]         1         [1.00,1.00]         1         [1.00,1.00]         1         [1.00,1.00]
Male                                                1.99***      [1.87,2.12]      2.00***      [1.88,2.13]      1.86***      [1.74,1.98]      1.86***      [1.74,1.98]
Age spline 1                                        1.02         [0.97,1.07]      1.02         [0.98,1.07]      1.08**       [1.03,1.13]      1.07**       [1.02,1.13]
Age spline 2                                        1.49***      [1.34,1.66]      1.48***      [1.33,1.64]      1.20***      [1.08,1.34]      1.23***      [1.10,1.38]
Age spline 3                                        0.35***      [0.27,0.44]      0.36***      [0.28,0.45]      0.59***      [0.46,0.76]      0.56***      [0.43,0.72]
1 least deprived                                                                     1         [1.00,1.00]         1         [1.00,1.00]         1         [1.00,1.00]
2                                                                                 1.06         [0.95,1.17]      1.01         [0.91,1.12]      1.00         [0.90,1.11]
3                                                                                 1.16**       [1.05,1.29]      1.09         [0.98,1.21]      1.07         [0.96,1.19]
4                                                                                 1.36***      [1.23,1.50]      1.20***      [1.09,1.33]      1.18**       [1.07,1.31]
5 most deprived                                                                   1.56***      [1.42,1.72]      1.30***      [1.18,1.43]      1.28***      [1.16,1.42]
Underweig..5)                                                                                                      1         [1.00,1.00]         1         [1.00,1.00]
Normal (18.5-~9)                                                                                                0.55***      [0.46,0.67]      0.55***      [0.45,0.67]
Overweigh..9 ~4)                                                                                                0.44***      [0.36,0.54]      0.44***      [0.36,0.54]
Obese I (..9 ~4)                                                                                                0.55***      [0.45,0.67]      0.54***      [0.44,0.66]
Obese II ..9 ~4)                                                                                                0.65***      [0.52,0.81]      0.65***      [0.52,0.81]
Obese III..5+)                                                                                                  1.08         [0.86,1.37]      1.07         [0.84,1.35]
Unknown                                                                                                         0.70**       [0.57,0.87]      0.69**       [0.56,0.86]
<6.5%                                                                                                              1         [1.00,1.00]         1         [1.00,1.00]
>=6.5-7.4                                                                                                       0.96         [0.85,1.08]      0.95         [0.84,1.08]
>=7.5-7.9                                                                                                       0.99         [0.82,1.19]      0.99         [0.82,1.21]
>=8-8.9                                                                                                         1.17         [0.98,1.39]      1.17         [0.98,1.39]
>=9                                                                                                             1.19*        [1.01,1.42]      1.13         [0.95,1.35]
Unknown                                                                                                         1.06         [0.97,1.16]      1.04         [0.95,1.15]
Number of GP c~h                                                                                                1.01***      [1.01,1.01]      1.01***      [1.01,1.01]
Never                                                                                                              1         [1.00,1.00]         1         [1.00,1.00]
Former                                                                                                          1.29***      [1.20,1.38]      1.31***      [1.22,1.41]
Current                                                                                                         1.66***      [1.47,1.89]      1.72***      [1.52,1.96]
Diagnosed hype~0                                                                                                   1         [1.00,1.00]         1         [1.00,1.00]
Diagnosed hype~1                                                                                                1.02         [0.96,1.10]      1.03         [0.95,1.10]
Normal                                                                                                             1         [1.00,1.00]         1         [1.00,1.00]
Elevated                                                                                                        0.86**       [0.78,0.96]      0.85**       [0.76,0.95]
High, stage I                                                                                                   0.85***      [0.77,0.93]      0.85***      [0.78,0.94]
High, stage II                                                                                                  0.82***      [0.74,0.90]      0.83***      [0.75,0.91]
Unknown                                                                                                         0.77**       [0.65,0.91]      0.77**       [0.65,0.92]
Asthma categor~0                                                                                                   1         [1.00,1.00]         1         [1.00,1.00]
Asthma categor~1                                                                                                0.96         [0.88,1.05]      0.96         [0.88,1.05]
Chronic Respir~0                                                                                                   1         [1.00,1.00]         1         [1.00,1.00]
Chronic Respir~1                                                                                                1.68***      [1.56,1.81]      1.67***      [1.55,1.80]
Chronic Cardia~0                                                                                                   1         [1.00,1.00]         1         [1.00,1.00]
Chronic Cardia~1                                                                                                1.32***      [1.24,1.41]      1.33***      [1.25,1.43]
No DM                                                                                                              1         [1.00,1.00]         1         [1.00,1.00]
T1DM                                                                                                            2.05***      [1.48,2.84]      2.11***      [1.51,2.94]
T2DM                                                                                                            1.42***      [1.27,1.57]      1.41***      [1.27,1.57]
UNKNOWN_DM                                                                                                      1.17*        [1.02,1.35]      1.16*        [1.01,1.34]
Cancer=0                                                                                                           1         [1.00,1.00]         1         [1.00,1.00]
Cancer=1                                                                                                        1.60***      [1.48,1.72]      1.57***      [1.46,1.70]
Chronic liver ~0                                                                                                   1         [1.00,1.00]         1         [1.00,1.00]
Chronic liver ~1                                                                                                2.00***      [1.63,2.45]      1.98***      [1.61,2.43]
Stroke=0                                                                                                           1         [1.00,1.00]         1         [1.00,1.00]
Stroke=1                                                                                                        1.17***      [1.07,1.28]      1.17***      [1.07,1.29]
Dementia=0                                                                                                         1         [1.00,1.00]         1         [1.00,1.00]
Dementia=1                                                                                                      1.29**       [1.09,1.52]      1.24*        [1.05,1.47]
Neurological d~0                                                                                                   1         [1.00,1.00]         1         [1.00,1.00]
Neurological d~1                                                                                                1.89***      [1.63,2.19]      1.85***      [1.59,2.15]
egfr >=60                                                                                                          1         [1.00,1.00]         1         [1.00,1.00]
eGFR <60                                                                                                        1.47***      [1.37,1.57]      1.48***      [1.38,1.59]
end stage rena~0                                                                                                   1         [1.00,1.00]         1         [1.00,1.00]
end stage rena~1                                                                                                1.45*        [1.07,1.95]      1.45*        [1.07,1.96]
Immunosuppress~=                                                                                                   1         [1.00,1.00]         1         [1.00,1.00]
Immunosuppress~=                                                                                                2.00***      [1.51,2.65]      2.03***      [1.53,2.70]
Autoimmune dis~0                                                                                                   1         [1.00,1.00]         1         [1.00,1.00]
Autoimmune dis~1                                                                                                1.19**       [1.07,1.32]      1.16**       [1.04,1.29]
1-2                                                                                                                                              1         [1.00,1.00]
3-5                                                                                                                                           0.85***      [0.77,0.93]
6-10                                                                                                                                          1.15         [0.97,1.37]
11+                                                                                                                                           0.99         [0.81,1.22]
Unknown                                                                                                                                       0.87**       [0.79,0.96]
----------------------------------------------------------------------------------------------------------------------------------------------------------------------
N_sub                                                                                                                                                                 
----------------------------------------------------------------------------------------------------------------------------------------------------------------------
Exponentiated coefficients; 95% confidence intervals in brackets
* p<0.05, ** p<0.01, *** p<0.001
ons_noncoviddeath
----------------------------------------------------------------------------------------------------------------------------------------------------------------------
                       (1)                           (2)                           (3)                           (4)                           (5)                    
                 ons_no~30                     ons_no~30                     ons_no~30                     outcome~h                     ons_no~30                    
----------------------------------------------------------------------------------------------------------------------------------------------------------------------
main                                                                                                                                                                  
White                    1         [1.00,1.00]         1         [1.00,1.00]         1         [1.00,1.00]         1         [1.00,1.00]         1         [1.00,1.00]
South Asian           0.41***      [0.25,0.67]      0.83         [0.50,1.37]      0.79         [0.48,1.31]      0.97         [0.64,1.47]      1.01         [0.59,1.75]
Black                 0.13*        [0.02,0.92]      0.28         [0.04,2.00]      0.26         [0.04,1.91]      0.58         [0.18,1.85]      0.30         [0.04,2.21]
Mixed                 0.23         [0.03,1.61]      0.89         [0.12,6.43]      0.84         [0.12,6.12]      0.53         [0.07,3.88]      0.87         [0.12,6.42]
Other                 0.37         [0.09,1.50]      1.16         [0.28,4.82]      1.13         [0.27,4.67]      1.10         [0.34,3.54]      1.16         [0.28,4.85]
Unknown               0.86         [0.68,1.09]      1.04         [0.82,1.33]      1.05         [0.82,1.34]      0.95         [0.78,1.17]      1.04         [0.81,1.33]
Sustainability~o         1         [1.00,1.00]         1         [1.00,1.00]         1         [1.00,1.00]         1         [1.00,1.00]         1         [1.00,1.00]
Sustainability~o      0.44***      [0.28,0.68]      0.51**       [0.33,0.79]      0.50**       [0.32,0.78]      0.58**       [0.41,0.83]      0.48**       [0.31,0.76]
Sustainability~o      0.73         [0.45,1.21]      0.73         [0.44,1.20]      0.73         [0.44,1.21]      0.65*        [0.42,1.00]      0.72         [0.44,1.20]
Sustainability~o      0.88         [0.44,1.79]      0.87         [0.43,1.78]      0.85         [0.42,1.74]      1.13         [0.67,1.91]      0.83         [0.41,1.72]
Sustainability~o      1.03         [0.44,2.39]      1.00         [0.43,2.36]      1.07         [0.45,2.52]      0.80         [0.37,1.77]      1.05         [0.45,2.48]
Sustainability~o      1.15         [0.77,1.72]      0.99         [0.66,1.49]      0.98         [0.65,1.47]      1.07         [0.77,1.48]      0.94         [0.62,1.41]
Sustainability~o      1.33         [0.42,4.27]      0.83         [0.26,2.70]      0.85         [0.26,2.77]      0.51         [0.16,1.66]      0.79         [0.24,2.59]
Sustainability~o      0.41*        [0.20,0.83]      0.37**       [0.18,0.76]      0.39**       [0.19,0.79]      0.46**       [0.27,0.78]      0.36**       [0.18,0.74]
Sustainability~o      1.65*        [1.01,2.70]      1.15         [0.70,1.89]      1.16         [0.70,1.90]      1.02         [0.67,1.55]      1.05         [0.63,1.75]
Sustainability~o      0.41*        [0.21,0.81]      0.37**       [0.19,0.72]      0.37**       [0.19,0.74]      0.50**       [0.31,0.80]      0.33**       [0.17,0.66]
Sustainability~o      0.77         [0.44,1.33]      0.86         [0.49,1.51]      0.92         [0.52,1.61]      0.81         [0.50,1.30]      0.87         [0.49,1.53]
Sustainability~o      2.16**       [1.27,3.67]      1.67         [0.97,2.85]      1.57         [0.92,2.70]      1.25         [0.77,2.01]      1.41         [0.82,2.44]
Sustainability~o      1.47         [0.86,2.52]      1.26         [0.73,2.17]      1.25         [0.73,2.16]      1.41         [0.92,2.18]      1.20         [0.69,2.08]
Sustainability~o      1.22         [0.62,2.39]      1.27         [0.64,2.52]      1.32         [0.67,2.63]      1.12         [0.63,1.98]      1.11         [0.55,2.24]
Sustainability~o      0.40         [0.12,1.27]      0.52         [0.16,1.68]      0.53         [0.16,1.72]      0.50         [0.20,1.26]      0.46         [0.14,1.49]
Sustainability~o      1.18         [0.58,2.40]      0.95         [0.47,1.95]      0.96         [0.47,1.96]      0.96         [0.53,1.74]      0.88         [0.43,1.83]
Sustainability~o      1.25         [0.57,2.75]      0.95         [0.43,2.12]      0.98         [0.44,2.19]      0.78         [0.39,1.53]      0.83         [0.37,1.87]
Sustainability~o      1.31         [0.71,2.42]      1.32         [0.71,2.45]      1.40         [0.75,2.61]      1.08         [0.62,1.86]      1.26         [0.67,2.36]
Sustainability~o      0.51         [0.20,1.27]      0.66         [0.26,1.65]      0.70         [0.28,1.78]      0.53         [0.23,1.24]      0.68         [0.27,1.74]
Sustainability~o      0.83         [0.44,1.56]      0.73         [0.39,1.38]      0.78         [0.41,1.48]      0.94         [0.58,1.54]      0.77         [0.40,1.46]
Sustainability~o      0.64         [0.31,1.31]      0.81         [0.39,1.69]      0.83         [0.40,1.73]      0.75         [0.41,1.36]      0.74         [0.35,1.57]
Sustainability~o      0.78         [0.11,5.65]      1.08         [0.15,8.01]      1.08         [0.15,7.98]      1.32         [0.31,5.60]      1.02         [0.14,7.66]
Sustainability~o      0.82         [0.35,1.91]      0.69         [0.29,1.62]      0.73         [0.31,1.73]      1.18         [0.66,2.11]      0.68         [0.29,1.62]
Sustainability~o         1         [1.00,1.00]         1         [1.00,1.00]         1         [1.00,1.00]         1         [1.00,1.00]         1         [1.00,1.00]
Sustainability~o         1         [1.00,1.00]         1         [1.00,1.00]         1         [1.00,1.00]         1         [1.00,1.00]         1         [1.00,1.00]
Sustainability~o      1.43         [0.75,2.75]      1.01         [0.52,1.96]      1.07         [0.55,2.07]      0.65         [0.34,1.25]      0.98         [0.50,1.91]
Sustainability~o      0.22*        [0.05,0.91]      0.23*        [0.06,0.96]      0.25         [0.06,1.04]      0.44         [0.18,1.10]      0.25         [0.06,1.04]
Sustainability~o      1.42         [0.77,2.60]      1.04         [0.56,1.94]      1.13         [0.61,2.11]      1.09         [0.65,1.84]      1.12         [0.60,2.09]
Sustainability~o      1.15         [0.52,2.53]      1.14         [0.51,2.53]      1.14         [0.51,2.54]      0.73         [0.33,1.61]      1.14         [0.51,2.56]
Sustainability~o      0.78         [0.28,2.16]      0.68         [0.24,1.89]      0.75         [0.27,2.10]      0.43         [0.15,1.19]      0.66         [0.23,1.87]
Sustainability~o         1         [1.00,1.00]         1         [1.00,1.00]         1         [1.00,1.00]         1         [1.00,1.00]         1         [1.00,1.00]
Sustainability~o         1         [1.00,1.00]         1         [1.00,1.00]         1         [1.00,1.00]         1         [1.00,1.00]         1         [1.00,1.00]
Female                                                 1         [1.00,1.00]         1         [1.00,1.00]         1         [1.00,1.00]         1         [1.00,1.00]
Male                                                1.18         [0.96,1.45]      1.19         [0.97,1.46]      1.10         [0.92,1.30]      1.11         [0.90,1.38]
Age spline 1                                        1.03         [0.92,1.16]      1.03         [0.92,1.17]      1.04         [0.95,1.13]      1.07         [0.95,1.22]
Age spline 2                                        1.28         [0.96,1.71]      1.28         [0.96,1.71]      1.22         [0.98,1.51]      1.13         [0.84,1.53]
Age spline 3                                        0.53         [0.27,1.06]      0.54         [0.27,1.08]      0.60         [0.36,1.01]      0.71         [0.34,1.45]
1 least deprived                                                                     1         [1.00,1.00]         1         [1.00,1.00]         1         [1.00,1.00]
2                                                                                 1.30         [0.91,1.87]      1.26         [0.95,1.68]      1.30         [0.91,1.88]
3                                                                                 1.41         [0.98,2.02]      1.21         [0.90,1.62]      1.38         [0.96,1.99]
4                                                                                 1.29         [0.90,1.85]      1.24         [0.93,1.65]      1.29         [0.90,1.86]
5 most deprived                                                                   1.52*        [1.07,2.14]      1.32         [1.00,1.75]      1.45*        [1.02,2.07]
Underweig..5)                                                                                                      1         [1.00,1.00]         1         [1.00,1.00]
Normal (18.5-~9)                                                                                                0.59*        [0.39,0.89]      0.45***      [0.29,0.72]
Overweigh..9 ~4)                                                                                                0.46***      [0.30,0.70]      0.37***      [0.23,0.60]
Obese I (..9 ~4)                                                                                                0.32***      [0.20,0.50]      0.24***      [0.14,0.42]
Obese II ..9 ~4)                                                                                                0.40***      [0.23,0.68]      0.39**       [0.21,0.72]
Obese III..5+)                                                                                                  0.66         [0.36,1.21]      0.51         [0.25,1.04]
Unknown                                                                                                         0.68         [0.42,1.09]      0.54*        [0.31,0.94]
<6.5%                                                                                                              1         [1.00,1.00]         1         [1.00,1.00]
>=6.5-7.4                                                                                                       0.97         [0.68,1.39]      1.39         [0.90,2.14]
>=7.5-7.9                                                                                                       0.95         [0.52,1.74]      1.30         [0.62,2.69]
>=8-8.9                                                                                                         0.97         [0.55,1.71]      1.19         [0.58,2.41]
>=9                                                                                                             1.45         [0.88,2.39]      1.81         [0.96,3.40]
Unknown                                                                                                         0.96         [0.76,1.22]      0.95         [0.71,1.27]
Number of GP c~h                                                                                                1.01***      [1.00,1.01]      1.01*        [1.00,1.01]
Never                                                                                                              1         [1.00,1.00]         1         [1.00,1.00]
Former                                                                                                          1.10         [0.91,1.33]      0.99         [0.79,1.26]
Current                                                                                                         2.04***      [1.50,2.77]      1.58*        [1.06,2.36]
Diagnosed hype~0                                                                                                   1         [1.00,1.00]         1         [1.00,1.00]
Diagnosed hype~1                                                                                                0.93         [0.76,1.12]      1.08         [0.84,1.38]
Normal                                                                                                             1         [1.00,1.00]         1         [1.00,1.00]
Elevated                                                                                                        0.80         [0.60,1.06]      0.71         [0.50,1.01]
High, stage I                                                                                                   0.85         [0.67,1.08]      0.70*        [0.52,0.95]
High, stage II                                                                                                  0.83         [0.65,1.06]      0.74*        [0.55,0.99]
Unknown                                                                                                         0.66         [0.42,1.04]      0.82         [0.49,1.38]
Asthma categor~0                                                                                                   1         [1.00,1.00]         1         [1.00,1.00]
Asthma categor~1                                                                                                0.85         [0.66,1.09]      0.88         [0.65,1.20]
Chronic Respir~0                                                                                                   1         [1.00,1.00]         1         [1.00,1.00]
Chronic Respir~1                                                                                                1.15         [0.93,1.42]      1.25         [0.96,1.62]
Chronic Cardia~0                                                                                                   1         [1.00,1.00]         1         [1.00,1.00]
Chronic Cardia~1                                                                                                1.23*        [1.02,1.48]      1.10         [0.88,1.39]
No DM                                                                                                              1         [1.00,1.00]         1         [1.00,1.00]
T1DM                                                                                                            0.47         [0.11,1.98]      0.62         [0.14,2.72]
T2DM                                                                                                            1.01         [0.75,1.37]      0.84         [0.57,1.25]
UNKNOWN_DM                                                                                                      0.89         [0.59,1.34]      0.82         [0.49,1.38]
Cancer=0                                                                                                           1         [1.00,1.00]         1         [1.00,1.00]
Cancer=1                                                                                                        3.37***      [2.83,4.01]      3.26***      [2.63,4.05]
Chronic liver ~0                                                                                                   1         [1.00,1.00]         1         [1.00,1.00]
Chronic liver ~1                                                                                                3.19***      [2.05,4.97]      2.25*        [1.17,4.30]
Stroke=0                                                                                                           1         [1.00,1.00]         1         [1.00,1.00]
Stroke=1                                                                                                        1.36**       [1.09,1.71]      1.15         [0.85,1.54]
Dementia=0                                                                                                         1         [1.00,1.00]         1         [1.00,1.00]
Dementia=1                                                                                                      1.84***      [1.29,2.63]      1.62*        [1.02,2.57]
Neurological d~0                                                                                                   1         [1.00,1.00]         1         [1.00,1.00]
Neurological d~1                                                                                                1.31         [0.87,1.96]      0.99         [0.56,1.76]
egfr >=60                                                                                                          1         [1.00,1.00]         1         [1.00,1.00]
eGFR <60                                                                                                        1.25*        [1.03,1.52]      1.37*        [1.08,1.74]
end stage rena~0                                                                                                   1         [1.00,1.00]         1         [1.00,1.00]
end stage rena~1                                                                                                1.90         [0.85,4.24]      1.75         [0.62,4.95]
Immunosuppress~=                                                                                                   1         [1.00,1.00]         1         [1.00,1.00]
Immunosuppress~=                                                                                                1.35         [0.61,2.97]      0.58         [0.14,2.42]
Autoimmune dis~0                                                                                                   1         [1.00,1.00]         1         [1.00,1.00]
Autoimmune dis~1                                                                                                0.96         [0.70,1.30]      1.12         [0.78,1.61]
1-2                                                                                                                                              1         [1.00,1.00]
3-5                                                                                                                                           0.83         [0.59,1.16]
6-10                                                                                                                                          0.95         [0.49,1.81]
11+                                                                                                                                           1.14         [0.64,2.02]
Unknown                                                                                                                                       0.83         [0.59,1.17]
----------------------------------------------------------------------------------------------------------------------------------------------------------------------
N_sub                                                                                                                                                                 
----------------------------------------------------------------------------------------------------------------------------------------------------------------------
Exponentiated coefficients; 95% confidence intervals in brackets
* p<0.05, ** p<0.01, *** p<0.001
onsdeath
----------------------------------------------------------------------------------------------------------------------------------------------------------------------
                       (1)                           (2)                           (3)                           (4)                           (5)                    
                 onsdea~30                     onsdea~30                     onsdea~30                     outcome~h                     onsdea~30                    
----------------------------------------------------------------------------------------------------------------------------------------------------------------------
main                                                                                                                                                                  
White                    1         [1.00,1.00]         1         [1.00,1.00]         1         [1.00,1.00]         1         [1.00,1.00]         1         [1.00,1.00]
South Asian           0.65***      [0.58,0.72]      1.38***      [1.22,1.56]      1.26***      [1.12,1.43]      1.35***      [1.19,1.53]      1.32***      [1.15,1.52]
Black                 0.51***      [0.39,0.67]      1.32         [0.97,1.79]      1.20         [0.88,1.63]      1.26         [0.93,1.70]      1.27         [0.93,1.73]
Mixed                 0.30***      [0.19,0.48]      1.39         [0.85,2.27]      1.29         [0.79,2.11]      1.22         [0.74,1.99]      1.29         [0.78,2.14]
Other                 0.30***      [0.20,0.46]      1.00         [0.64,1.58]      0.95         [0.60,1.49]      0.92         [0.59,1.44]      0.95         [0.60,1.51]
Unknown               0.89***      [0.83,0.94]      1.12**       [1.04,1.20]      1.13**       [1.05,1.21]      1.13**       [1.05,1.21]      1.14***      [1.06,1.23]
Sustainability~o         1         [1.00,1.00]         1         [1.00,1.00]         1         [1.00,1.00]         1         [1.00,1.00]         1         [1.00,1.00]
Sustainability~o      0.62         [0.20,1.95]      0.37         [0.10,1.39]      0.36         [0.09,1.39]      0.48         [0.12,1.88]      0.43         [0.11,1.69]
Sustainability~o      0.97         [0.31,3.04]      0.51         [0.13,1.94]      0.52         [0.13,2.00]      0.70         [0.18,2.74]      0.63         [0.16,2.49]
Sustainability~o      1.11         [0.35,3.51]      0.58         [0.15,2.23]      0.57         [0.15,2.23]      0.77         [0.19,3.04]      0.67         [0.17,2.68]
Sustainability~o      1.01         [0.31,3.23]      0.52         [0.13,2.02]      0.57         [0.14,2.24]      0.72         [0.18,2.88]      0.65         [0.16,2.61]
Sustainability~o      1.10         [0.35,3.47]      0.50         [0.13,1.91]      0.49         [0.13,1.91]      0.65         [0.17,2.55]      0.57         [0.14,2.26]
Sustainability~o      1.74         [0.54,5.65]      0.63         [0.16,2.49]      0.65         [0.16,2.61]      0.78         [0.19,3.15]      0.77         [0.19,3.14]
Sustainability~o      0.96         [0.31,3.04]      0.47         [0.12,1.81]      0.50         [0.13,1.92]      0.61         [0.15,2.38]      0.55         [0.14,2.20]
Sustainability~o      1.75         [0.55,5.51]      0.70         [0.18,2.68]      0.72         [0.19,2.79]      0.86         [0.22,3.39]      0.79         [0.20,3.15]
Sustainability~o      1.09         [0.35,3.43]      0.53         [0.14,2.03]      0.55         [0.14,2.11]      0.68         [0.17,2.67]      0.62         [0.16,2.46]
Sustainability~o      0.75         [0.24,2.38]      0.43         [0.11,1.64]      0.48         [0.12,1.85]      0.60         [0.15,2.35]      0.55         [0.14,2.20]
Sustainability~o      1.43         [0.45,4.53]      0.60         [0.16,2.31]      0.56         [0.14,2.16]      0.70         [0.18,2.78]      0.64         [0.16,2.53]
Sustainability~o      1.04         [0.33,3.28]      0.47         [0.12,1.80]      0.46         [0.12,1.79]      0.64         [0.16,2.51]      0.56         [0.14,2.24]
Sustainability~o      1.06         [0.33,3.37]      0.61         [0.16,2.33]      0.65         [0.17,2.55]      0.79         [0.20,3.13]      0.71         [0.18,2.85]
Sustainability~o      0.55         [0.17,1.78]      0.37         [0.10,1.45]      0.39         [0.10,1.56]      0.49         [0.12,1.97]      0.44         [0.11,1.79]
Sustainability~o      0.93         [0.29,2.97]      0.40         [0.10,1.54]      0.41         [0.11,1.63]      0.53         [0.13,2.11]      0.48         [0.12,1.94]
Sustainability~o      1.48         [0.46,4.72]      0.67         [0.17,2.60]      0.72         [0.18,2.83]      0.85         [0.21,3.38]      0.78         [0.19,3.13]
Sustainability~o      1.14         [0.36,3.61]      0.65         [0.17,2.49]      0.71         [0.18,2.77]      0.79         [0.20,3.12]      0.74         [0.19,2.96]
Sustainability~o      0.69         [0.22,2.22]      0.46         [0.12,1.78]      0.52         [0.13,2.04]      0.65         [0.16,2.59]      0.63         [0.16,2.52]
Sustainability~o      1.27         [0.40,4.02]      0.63         [0.16,2.40]      0.69         [0.18,2.67]      0.94         [0.24,3.68]      0.84         [0.21,3.34]
Sustainability~o      0.58         [0.18,1.84]      0.34         [0.09,1.31]      0.36         [0.09,1.41]      0.47         [0.12,1.86]      0.40         [0.10,1.61]
Sustainability~o      0.84         [0.24,2.90]      0.59         [0.14,2.47]      0.63         [0.15,2.68]      0.78         [0.18,3.37]      0.73         [0.17,3.22]
Sustainability~o      0.80         [0.25,2.58]      0.35         [0.09,1.35]      0.39         [0.10,1.55]      0.55         [0.14,2.21]      0.46         [0.11,1.87]
Sustainability~o      0.48         [0.10,2.42]      0.29         [0.05,1.77]      0.34         [0.06,2.12]      0.36         [0.06,2.27]      0.36         [0.06,2.30]
Sustainability~o      0.63         [0.17,2.24]      0.56         [0.13,2.44]      0.57         [0.13,2.51]      0.71         [0.16,3.23]      0.72         [0.16,3.28]
Sustainability~o      1.19         [0.37,3.78]      0.44         [0.11,1.68]      0.47         [0.12,1.85]      0.53         [0.13,2.12]      0.53         [0.13,2.11]
Sustainability~o      0.69         [0.22,2.21]      0.38         [0.10,1.46]      0.43         [0.11,1.69]      0.56         [0.14,2.22]      0.50         [0.12,2.01]
Sustainability~o      1.12         [0.35,3.55]      0.44         [0.11,1.68]      0.49         [0.13,1.92]      0.64         [0.16,2.52]      0.58         [0.15,2.33]
Sustainability~o      0.70         [0.22,2.24]      0.35         [0.09,1.35]      0.36         [0.09,1.41]      0.46         [0.11,1.84]      0.44         [0.11,1.78]
Sustainability~o      1.27         [0.40,4.07]      0.65         [0.17,2.53]      0.75         [0.19,2.94]      0.84         [0.21,3.34]      0.82         [0.20,3.31]
Sustainability~o      0.41         [0.04,4.03]      0.30         [0.03,3.38]      0.35         [0.03,4.07]      0.16         [0.01,2.48]      0.16         [0.01,2.45]
Sustainability~o      0.83         [0.26,2.62]      0.43         [0.11,1.64]      0.43         [0.11,1.65]      0.57         [0.14,2.22]      0.51         [0.13,2.01]
Female                                                 1         [1.00,1.00]         1         [1.00,1.00]         1         [1.00,1.00]         1         [1.00,1.00]
Male                                                1.95***      [1.83,2.07]      1.96***      [1.84,2.08]      1.80***      [1.70,1.92]      1.82***      [1.71,1.94]
Age spline 1                                        1.02         [0.98,1.07]      1.03         [0.98,1.07]      1.08***      [1.03,1.12]      1.08**       [1.03,1.13]
Age spline 2                                        1.45***      [1.32,1.60]      1.44***      [1.30,1.59]      1.18***      [1.08,1.30]      1.20***      [1.08,1.34]
Age spline 3                                        0.38***      [0.30,0.47]      0.39***      [0.31,0.49]      0.63***      [0.50,0.78]      0.60***      [0.47,0.76]
1 least deprived                                                                     1         [1.00,1.00]         1         [1.00,1.00]         1         [1.00,1.00]
2                                                                                 1.08         [0.97,1.19]      1.04         [0.94,1.15]      1.02         [0.92,1.14]
3                                                                                 1.18**       [1.07,1.31]      1.11*        [1.00,1.23]      1.09         [0.98,1.21]
4                                                                                 1.37***      [1.24,1.51]      1.22***      [1.10,1.34]      1.20***      [1.08,1.32]
5 most deprived                                                                   1.58***      [1.44,1.74]      1.31***      [1.19,1.45]      1.30***      [1.18,1.44]
Underweig..5)                                                                                                      1         [1.00,1.00]         1         [1.00,1.00]
Normal (18.5-~9)                                                                                                0.52***      [0.43,0.63]      0.51***      [0.42,0.61]
Overweigh..9 ~4)                                                                                                0.41***      [0.34,0.49]      0.40***      [0.33,0.49]
Obese I (..9 ~4)                                                                                                0.49***      [0.40,0.59]      0.47***      [0.39,0.58]
Obese II ..9 ~4)                                                                                                0.58***      [0.47,0.71]      0.58***      [0.47,0.72]
Obese III..5+)                                                                                                  0.98         [0.78,1.22]      0.96         [0.76,1.21]
Unknown                                                                                                         0.66***      [0.53,0.81]      0.64***      [0.52,0.79]
<6.5%                                                                                                              1         [1.00,1.00]         1         [1.00,1.00]
>=6.5-7.4                                                                                                       0.96         [0.85,1.08]      0.98         [0.86,1.10]
>=7.5-7.9                                                                                                       0.98         [0.82,1.18]      1.01         [0.84,1.23]
>=8-8.9                                                                                                         1.16         [0.98,1.38]      1.18         [0.99,1.41]
>=9                                                                                                             1.23*        [1.04,1.45]      1.18         [0.99,1.40]
Unknown                                                                                                         1.05         [0.96,1.15]      1.04         [0.95,1.14]
Number of GP c~h                                                                                                1.01***      [1.01,1.01]      1.01***      [1.01,1.01]
Never                                                                                                              1         [1.00,1.00]         1         [1.00,1.00]
Former                                                                                                          1.28***      [1.20,1.37]      1.29***      [1.21,1.39]
Current                                                                                                         1.75***      [1.55,1.97]      1.74***      [1.53,1.97]
Diagnosed hype~0                                                                                                   1         [1.00,1.00]         1         [1.00,1.00]
Diagnosed hype~1                                                                                                1.01         [0.94,1.08]      1.03         [0.96,1.10]
Normal                                                                                                             1         [1.00,1.00]         1         [1.00,1.00]
Elevated                                                                                                        0.85**       [0.77,0.94]      0.83***      [0.75,0.93]
High, stage I                                                                                                   0.84***      [0.77,0.92]      0.83***      [0.76,0.91]
High, stage II                                                                                                  0.81***      [0.74,0.88]      0.81***      [0.74,0.89]
Unknown                                                                                                         0.75***      [0.64,0.88]      0.77**       [0.65,0.91]
Asthma categor~0                                                                                                   1         [1.00,1.00]         1         [1.00,1.00]
Asthma categor~1                                                                                                0.94         [0.87,1.02]      0.95         [0.87,1.04]
Chronic Respir~0                                                                                                   1         [1.00,1.00]         1         [1.00,1.00]
Chronic Respir~1                                                                                                1.66***      [1.54,1.78]      1.66***      [1.54,1.79]
Chronic Cardia~0                                                                                                   1         [1.00,1.00]         1         [1.00,1.00]
Chronic Cardia~1                                                                                                1.33***      [1.25,1.42]      1.33***      [1.24,1.42]
No DM                                                                                                              1         [1.00,1.00]         1         [1.00,1.00]
T1DM                                                                                                            1.85***      [1.34,2.56]      1.98***      [1.42,2.75]
T2DM                                                                                                            1.38***      [1.25,1.54]      1.37***      [1.23,1.53]
UNKNOWN_DM                                                                                                      1.14         [1.00,1.31]      1.14         [0.99,1.31]
Cancer=0                                                                                                           1         [1.00,1.00]         1         [1.00,1.00]
Cancer=1                                                                                                        1.84***      [1.71,1.97]      1.73***      [1.61,1.86]
Chronic liver ~0                                                                                                   1         [1.00,1.00]         1         [1.00,1.00]
Chronic liver ~1                                                                                                2.24***      [1.84,2.71]      2.04***      [1.67,2.50]
Stroke=0                                                                                                           1         [1.00,1.00]         1         [1.00,1.00]
Stroke=1                                                                                                        1.20***      [1.10,1.31]      1.18***      [1.08,1.29]
Dementia=0                                                                                                         1         [1.00,1.00]         1         [1.00,1.00]
Dementia=1                                                                                                      1.41***      [1.20,1.66]      1.30**       [1.10,1.53]
Neurological d~0                                                                                                   1         [1.00,1.00]         1         [1.00,1.00]
Neurological d~1                                                                                                1.88***      [1.63,2.18]      1.81***      [1.56,2.10]
egfr >=60                                                                                                          1         [1.00,1.00]         1         [1.00,1.00]
eGFR <60                                                                                                        1.47***      [1.37,1.57]      1.49***      [1.39,1.60]
end stage rena~0                                                                                                   1         [1.00,1.00]         1         [1.00,1.00]
end stage rena~1                                                                                                1.51**       [1.13,2.02]      1.48*        [1.10,2.00]
Immunosuppress~=                                                                                                   1         [1.00,1.00]         1         [1.00,1.00]
Immunosuppress~=                                                                                                1.97***      [1.50,2.58]      1.93***      [1.45,2.56]
Autoimmune dis~0                                                                                                   1         [1.00,1.00]         1         [1.00,1.00]
Autoimmune dis~1                                                                                                1.17**       [1.05,1.29]      1.16**       [1.04,1.29]
1-2                                                                                                                                              1         [1.00,1.00]
3-5                                                                                                                                           0.84***      [0.77,0.92]
6-10                                                                                                                                          1.14         [0.96,1.35]
11+                                                                                                                                           1.01         [0.82,1.24]
Unknown                                                                                                                                       0.87**       [0.79,0.96]
----------------------------------------------------------------------------------------------------------------------------------------------------------------------
N_sub                                                                                                                                                                 
----------------------------------------------------------------------------------------------------------------------------------------------------------------------
Exponentiated coefficients; 95% confidence intervals in brackets
* p<0.05, ** p<0.01, *** p<0.001
