hes
----------------------------------------------------------------------------------------------------------------------------------------------------------------------
                       (1)                           (2)                           (3)                           (4)                           (5)                    
                    hes_30                        hes_30                        hes_30                        hes_30                        hes_30                    
----------------------------------------------------------------------------------------------------------------------------------------------------------------------
hes_30                                                                                                                                                                
British                  1         [1.00,1.00]         1         [1.00,1.00]         1         [1.00,1.00]         1         [1.00,1.00]         1         [1.00,1.00]
Irish                 1.66***      [1.32,2.09]      1.38*        [1.07,1.77]      1.32*        [1.02,1.70]      1.31*        [1.01,1.71]      1.31*        [1.00,1.70]
Other White           0.74***      [0.69,0.81]      1.17***      [1.08,1.28]      1.13**       [1.03,1.23]      1.20***      [1.10,1.32]      1.21***      [1.11,1.33]
White + Caribb~n      0.75         [0.54,1.05]      1.79**       [1.25,2.57]      1.67**       [1.16,2.40]      1.70**       [1.18,2.46]      1.69**       [1.17,2.44]
White + African       0.56*        [0.35,0.88]      1.34         [0.84,2.14]      1.20         [0.75,1.92]      1.15         [0.71,1.85]      1.16         [0.72,1.88]
White + Asian         0.72         [0.50,1.03]      1.83**       [1.24,2.69]      1.73**       [1.18,2.55]      1.74**       [1.17,2.59]      1.76**       [1.19,2.62]
Other mixed           0.57**       [0.40,0.82]      1.49*        [1.03,2.15]      1.40         [0.97,2.04]      1.41         [0.96,2.06]      1.42         [0.97,2.07]
Indian                0.87**       [0.80,0.96]      1.24***      [1.12,1.37]      1.17**       [1.06,1.29]      1.13*        [1.02,1.25]      1.18**       [1.06,1.30]
Pakistani             1.07         [0.99,1.15]      1.91***      [1.76,2.08]      1.64***      [1.51,1.78]      1.44***      [1.32,1.57]      1.50***      [1.37,1.64]
Bangladeshi           1.03         [0.86,1.23]      2.23***      [1.84,2.70]      1.89***      [1.56,2.29]      1.68***      [1.38,2.06]      1.75***      [1.43,2.13]
Other Asian           0.94         [0.83,1.08]      1.83***      [1.59,2.11]      1.68***      [1.46,1.94]      1.64***      [1.42,1.90]      1.69***      [1.46,1.96]
Caribbean             1.57***      [1.27,1.94]      1.57***      [1.23,1.99]      1.40**       [1.10,1.77]      1.39**       [1.09,1.77]      1.39**       [1.09,1.77]
African               0.78**       [0.65,0.93]      1.89***      [1.57,2.27]      1.63***      [1.35,1.96]      1.69***      [1.40,2.04]      1.71***      [1.42,2.06]
Other Black           0.89         [0.68,1.16]      1.99***      [1.50,2.63]      1.78***      [1.35,2.36]      1.81***      [1.36,2.40]      1.82***      [1.37,2.42]
Chinese               0.71         [0.43,1.18]      1.51         [0.88,2.58]      1.44         [0.83,2.48]      1.80*        [1.04,3.11]      1.81*        [1.05,3.13]
Other                 0.89         [0.76,1.04]      1.91***      [1.62,2.26]      1.75***      [1.48,2.06]      1.81***      [1.53,2.15]      1.84***      [1.55,2.19]
Unknown               0.77***      [0.74,0.81]      1.02         [0.97,1.06]      1.02         [0.97,1.06]      1.06*        [1.01,1.11]      1.06**       [1.02,1.11]
Sustainability~o         1         [1.00,1.00]         1         [1.00,1.00]         1         [1.00,1.00]         1         [1.00,1.00]         1         [1.00,1.00]
Sustainability~o      0.89         [0.43,1.81]      0.69         [0.32,1.48]      0.69         [0.32,1.48]      0.72         [0.33,1.58]      0.73         [0.33,1.61]
Sustainability~o      1.01         [0.49,2.05]      0.71         [0.33,1.54]      0.73         [0.34,1.58]      0.79         [0.36,1.74]      0.80         [0.36,1.76]
Sustainability~o      1.28         [0.63,2.64]      0.88         [0.41,1.91]      0.88         [0.41,1.92]      0.93         [0.42,2.05]      0.94         [0.42,2.07]
Sustainability~o      0.95         [0.46,1.97]      0.67         [0.31,1.47]      0.75         [0.34,1.65]      0.77         [0.35,1.72]      0.78         [0.35,1.75]
Sustainability~o      1.29         [0.63,2.63]      0.88         [0.41,1.89]      0.87         [0.40,1.88]      0.91         [0.41,1.99]      0.92         [0.42,2.01]
Sustainability~o      1.84         [0.89,3.84]      1.15         [0.52,2.53]      1.19         [0.54,2.62]      1.28         [0.57,2.87]      1.31         [0.58,2.96]
Sustainability~o      1.26         [0.62,2.57]      0.91         [0.42,1.96]      0.97         [0.45,2.10]      1.00         [0.46,2.20]      1.02         [0.46,2.24]
Sustainability~o      1.15         [0.56,2.36]      0.66         [0.30,1.42]      0.68         [0.31,1.48]      0.69         [0.31,1.53]      0.70         [0.32,1.54]
Sustainability~o      1.11         [0.54,2.26]      0.77         [0.36,1.65]      0.80         [0.37,1.73]      0.81         [0.37,1.78]      0.82         [0.37,1.80]
Sustainability~o      1.06         [0.52,2.17]      0.85         [0.40,1.84]      0.95         [0.44,2.06]      1.00         [0.46,2.20]      1.02         [0.46,2.26]
Sustainability~o      1.61         [0.78,3.29]      1.07         [0.50,2.32]      0.98         [0.45,2.13]      1.04         [0.47,2.30]      1.06         [0.48,2.34]
Sustainability~o      1.16         [0.57,2.37]      0.80         [0.37,1.73]      0.78         [0.36,1.70]      0.86         [0.39,1.90]      0.88         [0.40,1.93]
Sustainability~o      1.08         [0.52,2.22]      0.79         [0.37,1.72]      0.87         [0.40,1.90]      0.89         [0.40,1.97]      0.90         [0.41,2.00]
Sustainability~o      0.75         [0.36,1.55]      0.65         [0.30,1.42]      0.71         [0.32,1.55]      0.73         [0.33,1.61]      0.74         [0.33,1.65]
Sustainability~o      1.04         [0.51,2.15]      0.68         [0.31,1.47]      0.71         [0.33,1.55]      0.76         [0.34,1.69]      0.78         [0.35,1.74]
Sustainability~o      1.12         [0.54,2.31]      0.75         [0.34,1.63]      0.82         [0.38,1.80]      0.84         [0.38,1.87]      0.85         [0.38,1.90]
Sustainability~o      0.94         [0.46,1.93]      0.69         [0.32,1.48]      0.77         [0.35,1.67]      0.74         [0.34,1.63]      0.75         [0.34,1.67]
Sustainability~o      0.54         [0.26,1.11]      0.42*        [0.19,0.91]      0.49         [0.22,1.07]      0.52         [0.23,1.15]      0.53         [0.24,1.17]
Sustainability~o      0.66         [0.32,1.36]      0.42*        [0.19,0.90]      0.47         [0.22,1.02]      0.49         [0.22,1.09]      0.50         [0.23,1.11]
Sustainability~o      0.81         [0.39,1.66]      0.60         [0.28,1.31]      0.65         [0.30,1.42]      0.66         [0.30,1.45]      0.68         [0.31,1.50]
Sustainability~o      0.85         [0.39,1.82]      0.66         [0.29,1.50]      0.73         [0.32,1.67]      0.80         [0.35,1.86]      0.81         [0.35,1.89]
Sustainability~o      0.83         [0.40,1.72]      0.55         [0.25,1.20]      0.64         [0.29,1.41]      0.69         [0.31,1.54]      0.70         [0.31,1.56]
Sustainability~o      0.45         [0.16,1.26]      0.33*        [0.11,0.99]      0.41         [0.14,1.24]      0.40         [0.13,1.24]      0.40         [0.13,1.25]
Sustainability~o      0.57         [0.25,1.28]      0.53         [0.22,1.26]      0.55         [0.23,1.31]      0.61         [0.25,1.49]      0.62         [0.25,1.51]
Sustainability~o      1.35         [0.65,2.77]      0.82         [0.38,1.78]      0.90         [0.41,1.97]      0.92         [0.42,2.04]      0.93         [0.42,2.06]
Sustainability~o      0.87         [0.42,1.80]      0.67         [0.31,1.45]      0.79         [0.36,1.72]      0.84         [0.38,1.87]      0.85         [0.38,1.89]
Sustainability~o      1.00         [0.49,2.06]      0.63         [0.29,1.36]      0.72         [0.33,1.58]      0.79         [0.36,1.76]      0.80         [0.36,1.78]
Sustainability~o      0.83         [0.40,1.72]      0.58         [0.27,1.28]      0.61         [0.28,1.33]      0.67         [0.30,1.49]      0.67         [0.30,1.50]
Sustainability~o      1.09         [0.52,2.25]      0.78         [0.36,1.71]      0.91         [0.42,2.00]      0.94         [0.42,2.10]      0.95         [0.42,2.11]
Sustainability~o      1.16         [0.41,3.30]      1.03         [0.34,3.15]      1.29         [0.42,3.95]      1.11         [0.34,3.65]      1.12         [0.34,3.71]
Sustainability~o      1.06         [0.52,2.16]      0.78         [0.36,1.67]      0.77         [0.36,1.67]      0.82         [0.37,1.79]      0.83         [0.38,1.82]
Female                                                 1         [1.00,1.00]         1         [1.00,1.00]         1         [1.00,1.00]         1         [1.00,1.00]
Male                                                1.41***      [1.37,1.46]      1.42***      [1.38,1.47]      1.41***      [1.36,1.47]      1.41***      [1.36,1.46]
Age spline 1                                        1.03***      [1.02,1.03]      1.03***      [1.02,1.03]      1.03***      [1.02,1.04]      1.03***      [1.02,1.04]
Age spline 2                                        1.10***      [1.08,1.13]      1.10***      [1.08,1.13]      1.04***      [1.02,1.06]      1.03**       [1.01,1.05]
Age spline 3                                        0.82***      [0.78,0.86]      0.82***      [0.78,0.86]      0.96         [0.91,1.01]      0.98         [0.93,1.04]
1 least deprived                                                                     1         [1.00,1.00]         1         [1.00,1.00]         1         [1.00,1.00]
2                                                                                 1.08*        [1.02,1.15]      1.03         [0.97,1.10]      1.03         [0.96,1.10]
3                                                                                 1.26***      [1.18,1.34]      1.16***      [1.09,1.24]      1.15***      [1.08,1.23]
4                                                                                 1.42***      [1.34,1.50]      1.24***      [1.16,1.31]      1.23***      [1.15,1.30]
5 most deprived                                                                   1.77***      [1.67,1.87]      1.45***      [1.37,1.54]      1.44***      [1.36,1.53]
Underweig..5)                                                                                                      1         [1.00,1.00]         1         [1.00,1.00]
Normal (18.5-~9)                                                                                                0.73***      [0.63,0.84]      0.71***      [0.62,0.83]
Overweigh..9 ~4)                                                                                                0.74***      [0.64,0.85]      0.72***      [0.62,0.84]
Obese I (..9 ~4)                                                                                                0.91         [0.78,1.05]      0.89         [0.77,1.04]
Obese II ..9 ~4)                                                                                                1.12         [0.96,1.31]      1.11         [0.95,1.29]
Obese III..5+)                                                                                                  1.50***      [1.27,1.76]      1.48***      [1.26,1.73]
Unknown                                                                                                         0.93         [0.79,1.08]      0.91         [0.78,1.06]
<6.5%                                                                                                              1         [1.00,1.00]         1         [1.00,1.00]
>=6.5-7.4                                                                                                       1.03         [0.95,1.12]      1.03         [0.95,1.12]
>=7.5-7.9                                                                                                       1.06         [0.93,1.21]      1.06         [0.93,1.21]
>=8-8.9                                                                                                         1.26***      [1.12,1.42]      1.26***      [1.12,1.42]
>=9                                                                                                             1.63***      [1.45,1.82]      1.62***      [1.45,1.81]
Unknown                                                                                                         0.99         [0.94,1.04]      0.99         [0.95,1.04]
Number of GP c~h                                                                                                1.02***      [1.01,1.02]      1.02***      [1.01,1.02]
Never                                                                                                              1         [1.00,1.00]         1         [1.00,1.00]
Former                                                                                                          1.09***      [1.05,1.13]      1.08***      [1.04,1.13]
Current                                                                                                         1.00         [0.93,1.07]      0.99         [0.92,1.06]
Diagnosed hype~0                                                                                                   1         [1.00,1.00]         1         [1.00,1.00]
Diagnosed hype~1                                                                                                1.07**       [1.03,1.12]      1.07**       [1.03,1.12]
Normal                                                                                                             1         [1.00,1.00]         1         [1.00,1.00]
Elevated                                                                                                        0.89***      [0.84,0.95]      0.89***      [0.83,0.95]
High, stage I                                                                                                   0.91***      [0.86,0.96]      0.90***      [0.86,0.96]
High, stage II                                                                                                  0.95         [0.89,1.00]      0.94*        [0.89,1.00]
Unknown                                                                                                         0.70***      [0.65,0.76]      0.70***      [0.65,0.75]
Asthma categor~0                                                                                                   1         [1.00,1.00]         1         [1.00,1.00]
Asthma categor~1                                                                                                1.16***      [1.11,1.21]      1.16***      [1.11,1.21]
Chronic Respir~0                                                                                                   1         [1.00,1.00]         1         [1.00,1.00]
Chronic Respir~1                                                                                                2.09***      [1.98,2.20]      2.08***      [1.97,2.19]
Chronic Cardia~0                                                                                                   1         [1.00,1.00]         1         [1.00,1.00]
Chronic Cardia~1                                                                                                1.31***      [1.25,1.38]      1.31***      [1.25,1.37]
No DM                                                                                                              1         [1.00,1.00]         1         [1.00,1.00]
T1DM                                                                                                            1.84***      [1.52,2.22]      1.84***      [1.53,2.23]
T2DM                                                                                                            1.25***      [1.16,1.35]      1.26***      [1.16,1.36]
UNKNOWN_DM                                                                                                      1.20***      [1.10,1.31]      1.20***      [1.10,1.31]
Cancer=0                                                                                                           1         [1.00,1.00]         1         [1.00,1.00]
Cancer=1                                                                                                        1.54***      [1.46,1.63]      1.53***      [1.45,1.61]
Chronic liver ~0                                                                                                   1         [1.00,1.00]         1         [1.00,1.00]
Chronic liver ~1                                                                                                1.90***      [1.66,2.18]      1.90***      [1.66,2.18]
Stroke=0                                                                                                           1         [1.00,1.00]         1         [1.00,1.00]
Stroke=1                                                                                                        1.28***      [1.19,1.37]      1.28***      [1.19,1.37]
Dementia=0                                                                                                         1         [1.00,1.00]         1         [1.00,1.00]
Dementia=1                                                                                                      0.94         [0.81,1.10]      0.99         [0.85,1.16]
Neurological d~0                                                                                                   1         [1.00,1.00]         1         [1.00,1.00]
Neurological d~1                                                                                                1.76***      [1.57,1.97]      1.77***      [1.58,1.98]
egfr >=60                                                                                                          1         [1.00,1.00]         1         [1.00,1.00]
eGFR <60                                                                                                        1.26***      [1.19,1.33]      1.26***      [1.19,1.33]
end stage rena~0                                                                                                   1         [1.00,1.00]         1         [1.00,1.00]
end stage rena~1                                                                                                2.38***      [1.94,2.93]      2.38***      [1.94,2.94]
Immunosuppress~=                                                                                                   1         [1.00,1.00]         1         [1.00,1.00]
Immunosuppress~=                                                                                                1.39***      [1.16,1.67]      1.38***      [1.15,1.65]
Autoimmune dis~0                                                                                                   1         [1.00,1.00]         1         [1.00,1.00]
Autoimmune dis~1                                                                                                1.10**       [1.03,1.17]      1.10**       [1.03,1.17]
1-2                                                                                                                                              1         [1.00,1.00]
3-5                                                                                                                                           0.81***      [0.77,0.85]
6-10                                                                                                                                          0.93         [0.86,1.01]
11+                                                                                                                                           0.48***      [0.40,0.57]
Unknown                                                                                                                                       0.89***      [0.84,0.94]
----------------------------------------------------------------------------------------------------------------------------------------------------------------------
N_sub                                                                                                                                                                 
----------------------------------------------------------------------------------------------------------------------------------------------------------------------
Exponentiated coefficients; 95% confidence intervals in brackets
* p<0.05, ** p<0.01, *** p<0.001
onscoviddeath
----------------------------------------------------------------------------------------------------------------------------------------------------------------------
                       (1)                           (2)                           (3)                           (4)                           (5)                    
                 onscov~30                     onscov~30                     onscov~30                     onscov~30                     onscov~30                    
----------------------------------------------------------------------------------------------------------------------------------------------------------------------
onscoviddeath_30                                                                                                                                                      
British                  1         [1.00,1.00]         1         [1.00,1.00]         1         [1.00,1.00]         1         [1.00,1.00]         1         [1.00,1.00]
Irish                 1.38         [0.91,2.07]      1.05         [0.68,1.63]      1.00         [0.64,1.55]      0.96         [0.61,1.50]      0.96         [0.61,1.51]
Other White           0.55***      [0.48,0.64]      1.10         [0.93,1.29]      1.08         [0.91,1.27]      1.10         [0.93,1.31]      1.10         [0.93,1.31]
White + Caribb~n      0.43*        [0.21,0.91]      1.62         [0.70,3.75]      1.51         [0.65,3.50]      1.65         [0.70,3.87]      1.65         [0.70,3.86]
White + African       0.33*        [0.12,0.89]      2.07         [0.73,5.85]      1.86         [0.66,5.28]      1.81         [0.62,5.22]      1.80         [0.62,5.21]
White + Asian         0.22**       [0.07,0.68]      0.91         [0.27,3.07]      0.85         [0.25,2.87]      0.85         [0.25,2.89]      0.82         [0.24,2.78]
Other mixed           0.22**       [0.08,0.58]      1.30         [0.47,3.61]      1.23         [0.44,3.41]      1.15         [0.39,3.40]      1.16         [0.39,3.42]
Indian                0.73***      [0.61,0.86]      1.38**       [1.14,1.67]      1.31**       [1.08,1.59]      1.44***      [1.18,1.76]      1.46***      [1.19,1.79]
Pakistani             0.65***      [0.55,0.76]      1.47***      [1.22,1.76]      1.29**       [1.07,1.55]      1.30**       [1.08,1.57]      1.27*        [1.05,1.55]
Bangladeshi           0.55**       [0.36,0.82]      1.92**       [1.22,3.02]      1.67*        [1.06,2.63]      1.43         [0.89,2.30]      1.39         [0.87,2.24]
Other Asian           0.43***      [0.31,0.60]      1.26         [0.88,1.81]      1.18         [0.82,1.70]      1.27         [0.88,1.85]      1.26         [0.87,1.83]
Caribbean             1.47*        [1.02,2.10]      1.37         [0.91,2.07]      1.24         [0.82,1.88]      1.29         [0.85,1.96]      1.29         [0.85,1.96]
African               0.22***      [0.13,0.38]      1.25         [0.70,2.24]      1.12         [0.63,2.01]      1.19         [0.66,2.16]      1.18         [0.65,2.14]
Other Black           0.41**       [0.21,0.79]      2.17*        [1.07,4.39]      2.02         [1.00,4.08]      2.20*        [1.09,4.44]      2.17*        [1.08,4.38]
Chinese               0.40         [0.13,1.24]      1.22         [0.34,4.34]      1.11         [0.31,3.99]      1.45         [0.38,5.52]      1.43         [0.38,5.45]
Other                 0.27***      [0.16,0.43]      0.96         [0.58,1.59]      0.91         [0.55,1.52]      0.89         [0.53,1.49]      0.89         [0.53,1.49]
Unknown               0.85***      [0.80,0.91]      1.13**       [1.05,1.21]      1.13**       [1.05,1.22]      1.15***      [1.06,1.24]      1.15***      [1.07,1.24]
Sustainability~o         1         [1.00,1.00]         1         [1.00,1.00]         1         [1.00,1.00]         1         [1.00,1.00]         1         [1.00,1.00]
Sustainability~o      0.59         [0.19,1.85]      0.34         [0.09,1.28]      0.34         [0.09,1.29]      0.38         [0.10,1.50]      0.39         [0.10,1.54]
Sustainability~o      0.91         [0.29,2.88]      0.47         [0.12,1.79]      0.48         [0.12,1.84]      0.56         [0.14,2.18]      0.57         [0.14,2.24]
Sustainability~o      1.10         [0.34,3.48]      0.53         [0.14,2.03]      0.52         [0.13,2.02]      0.59         [0.15,2.33]      0.60         [0.15,2.36]
Sustainability~o      0.92         [0.29,2.95]      0.47         [0.12,1.83]      0.51         [0.13,2.01]      0.56         [0.14,2.23]      0.57         [0.14,2.28]
Sustainability~o      1.01         [0.32,3.19]      0.45         [0.12,1.72]      0.44         [0.12,1.71]      0.49         [0.13,1.94]      0.50         [0.13,1.97]
Sustainability~o      1.65         [0.51,5.35]      0.59         [0.15,2.30]      0.60         [0.15,2.40]      0.68         [0.17,2.77]      0.69         [0.17,2.82]
Sustainability~o      0.93         [0.29,2.93]      0.46         [0.12,1.73]      0.47         [0.12,1.83]      0.51         [0.13,2.00]      0.52         [0.13,2.04]
Sustainability~o      1.66         [0.52,5.23]      0.63         [0.17,2.41]      0.65         [0.17,2.50]      0.69         [0.18,2.72]      0.70         [0.18,2.74]
Sustainability~o      1.06         [0.34,3.34]      0.51         [0.14,1.95]      0.52         [0.14,2.02]      0.58         [0.15,2.26]      0.59         [0.15,2.30]
Sustainability~o      0.69         [0.22,2.19]      0.39         [0.10,1.50]      0.43         [0.11,1.66]      0.48         [0.12,1.87]      0.48         [0.12,1.90]
Sustainability~o      1.27         [0.40,4.01]      0.52         [0.14,1.97]      0.47         [0.12,1.84]      0.52         [0.13,2.06]      0.53         [0.13,2.09]
Sustainability~o      0.93         [0.29,2.95]      0.41         [0.11,1.56]      0.40         [0.10,1.55]      0.47         [0.12,1.87]      0.48         [0.12,1.90]
Sustainability~o      1.01         [0.32,3.21]      0.54         [0.14,2.06]      0.58         [0.15,2.24]      0.61         [0.15,2.41]      0.61         [0.15,2.45]
Sustainability~o      0.55         [0.17,1.77]      0.34         [0.09,1.34]      0.36         [0.09,1.44]      0.39         [0.10,1.58]      0.40         [0.10,1.63]
Sustainability~o      0.86         [0.27,2.76]      0.35         [0.09,1.36]      0.37         [0.09,1.44]      0.41         [0.10,1.64]      0.42         [0.10,1.68]
Sustainability~o      1.40         [0.44,4.47]      0.62         [0.16,2.37]      0.66         [0.17,2.58]      0.69         [0.17,2.74]      0.70         [0.18,2.80]
Sustainability~o      1.07         [0.34,3.41]      0.57         [0.15,2.19]      0.63         [0.16,2.43]      0.63         [0.16,2.50]      0.64         [0.16,2.55]
Sustainability~o      0.67         [0.21,2.14]      0.43         [0.11,1.64]      0.48         [0.12,1.88]      0.55         [0.14,2.21]      0.57         [0.14,2.27]
Sustainability~o      1.22         [0.39,3.87]      0.59         [0.15,2.23]      0.64         [0.17,2.47]      0.75         [0.19,2.94]      0.76         [0.19,3.02]
Sustainability~o      0.58         [0.18,1.86]      0.31         [0.08,1.18]      0.32         [0.08,1.26]      0.34         [0.09,1.37]      0.35         [0.09,1.39]
Sustainability~o      0.84         [0.24,2.91]      0.53         [0.13,2.22]      0.56         [0.13,2.41]      0.64         [0.15,2.81]      0.65         [0.15,2.86]
Sustainability~o      0.75         [0.23,2.42]      0.32         [0.08,1.22]      0.36         [0.09,1.41]      0.41         [0.10,1.64]      0.42         [0.10,1.67]
Sustainability~o      0.49         [0.10,2.44]      0.29         [0.05,1.75]      0.34         [0.06,2.09]      0.36         [0.06,2.25]      0.36         [0.06,2.28]
Sustainability~o      0.63         [0.18,2.26]      0.56         [0.13,2.42]      0.56         [0.13,2.49]      0.70         [0.16,3.16]      0.71         [0.16,3.21]
Sustainability~o      1.08         [0.34,3.44]      0.39         [0.10,1.49]      0.42         [0.11,1.63]      0.45         [0.11,1.78]      0.46         [0.11,1.82]
Sustainability~o      0.68         [0.21,2.17]      0.37         [0.10,1.41]      0.41         [0.11,1.62]      0.47         [0.12,1.87]      0.47         [0.12,1.89]
Sustainability~o      1.02         [0.32,3.25]      0.39         [0.10,1.48]      0.43         [0.11,1.69]      0.49         [0.12,1.95]      0.50         [0.13,2.00]
Sustainability~o      0.62         [0.19,2.01]      0.30         [0.08,1.15]      0.30         [0.08,1.21]      0.36         [0.09,1.45]      0.37         [0.09,1.48]
Sustainability~o      1.22         [0.38,3.90]      0.61         [0.16,2.37]      0.70         [0.18,2.74]      0.74         [0.18,2.95]      0.75         [0.19,3.02]
Sustainability~o      0.41         [0.04,3.95]      0.29         [0.03,3.33]      0.35         [0.03,4.00]      0.16         [0.01,2.40]      0.16         [0.01,2.37]
Sustainability~o      0.75         [0.24,2.36]      0.39         [0.10,1.46]      0.38         [0.10,1.46]      0.43         [0.11,1.70]      0.44         [0.11,1.73]
Female                                                 1         [1.00,1.00]         1         [1.00,1.00]         1         [1.00,1.00]         1         [1.00,1.00]
Male                                                1.99***      [1.87,2.12]      2.01***      [1.88,2.13]      1.85***      [1.73,1.98]      1.86***      [1.74,1.98]
Age spline 1                                        1.02         [0.97,1.07]      1.02         [0.98,1.07]      1.07**       [1.02,1.12]      1.07**       [1.02,1.13]
Age spline 2                                        1.49***      [1.35,1.66]      1.48***      [1.33,1.65]      1.25***      [1.12,1.40]      1.23***      [1.10,1.38]
Age spline 3                                        0.35***      [0.27,0.44]      0.35***      [0.28,0.45]      0.54***      [0.41,0.70]      0.55***      [0.43,0.72]
1 least deprived                                                                     1         [1.00,1.00]         1         [1.00,1.00]         1         [1.00,1.00]
2                                                                                 1.06         [0.95,1.17]      1.00         [0.90,1.12]      1.00         [0.90,1.11]
3                                                                                 1.16**       [1.05,1.29]      1.07         [0.96,1.19]      1.07         [0.96,1.19]
4                                                                                 1.36***      [1.23,1.50]      1.19**       [1.07,1.31]      1.18**       [1.07,1.31]
5 most deprived                                                                   1.56***      [1.42,1.72]      1.29***      [1.16,1.42]      1.29***      [1.16,1.42]
Underweig..5)                                                                                                      1         [1.00,1.00]         1         [1.00,1.00]
Normal (18.5-~9)                                                                                                0.55***      [0.45,0.67]      0.55***      [0.45,0.67]
Overweigh..9 ~4)                                                                                                0.44***      [0.36,0.53]      0.44***      [0.36,0.54]
Obese I (..9 ~4)                                                                                                0.53***      [0.44,0.65]      0.54***      [0.44,0.66]
Obese II ..9 ~4)                                                                                                0.64***      [0.52,0.80]      0.65***      [0.52,0.81]
Obese III..5+)                                                                                                  1.06         [0.84,1.34]      1.07         [0.84,1.36]
Unknown                                                                                                         0.69***      [0.55,0.86]      0.69**       [0.56,0.86]
<6.5%                                                                                                              1         [1.00,1.00]         1         [1.00,1.00]
>=6.5-7.4                                                                                                       0.95         [0.84,1.08]      0.95         [0.84,1.08]
>=7.5-7.9                                                                                                       1.00         [0.82,1.21]      1.00         [0.82,1.21]
>=8-8.9                                                                                                         1.17         [0.98,1.40]      1.17         [0.98,1.40]
>=9                                                                                                             1.14         [0.95,1.36]      1.14         [0.95,1.35]
Unknown                                                                                                         1.05         [0.95,1.15]      1.04         [0.95,1.15]
Number of GP c~h                                                                                                1.01***      [1.01,1.01]      1.01***      [1.01,1.01]
Never                                                                                                              1         [1.00,1.00]         1         [1.00,1.00]
Former                                                                                                          1.32***      [1.22,1.41]      1.32***      [1.22,1.41]
Current                                                                                                         1.73***      [1.53,1.97]      1.73***      [1.52,1.96]
Diagnosed hype~0                                                                                                   1         [1.00,1.00]         1         [1.00,1.00]
Diagnosed hype~1                                                                                                1.02         [0.95,1.10]      1.02         [0.95,1.10]
Normal                                                                                                             1         [1.00,1.00]         1         [1.00,1.00]
Elevated                                                                                                        0.85**       [0.76,0.95]      0.85**       [0.76,0.95]
High, stage I                                                                                                   0.85***      [0.77,0.93]      0.85***      [0.78,0.94]
High, stage II                                                                                                  0.83***      [0.75,0.91]      0.83***      [0.75,0.91]
Unknown                                                                                                         0.77**       [0.65,0.91]      0.77**       [0.65,0.92]
Asthma categor~0                                                                                                   1         [1.00,1.00]         1         [1.00,1.00]
Asthma categor~1                                                                                                0.96         [0.88,1.05]      0.96         [0.88,1.05]
Chronic Respir~0                                                                                                   1         [1.00,1.00]         1         [1.00,1.00]
Chronic Respir~1                                                                                                1.67***      [1.55,1.80]      1.67***      [1.55,1.80]
Chronic Cardia~0                                                                                                   1         [1.00,1.00]         1         [1.00,1.00]
Chronic Cardia~1                                                                                                1.33***      [1.25,1.43]      1.33***      [1.25,1.43]
No DM                                                                                                              1         [1.00,1.00]         1         [1.00,1.00]
T1DM                                                                                                            2.10***      [1.50,2.92]      2.10***      [1.51,2.93]
T2DM                                                                                                            1.41***      [1.26,1.57]      1.41***      [1.27,1.57]
UNKNOWN_DM                                                                                                      1.16*        [1.01,1.34]      1.16*        [1.01,1.34]
Cancer=0                                                                                                           1         [1.00,1.00]         1         [1.00,1.00]
Cancer=1                                                                                                        1.58***      [1.46,1.70]      1.57***      [1.46,1.70]
Chronic liver ~0                                                                                                   1         [1.00,1.00]         1         [1.00,1.00]
Chronic liver ~1                                                                                                1.98***      [1.61,2.44]      1.98***      [1.61,2.43]
Stroke=0                                                                                                           1         [1.00,1.00]         1         [1.00,1.00]
Stroke=1                                                                                                        1.18***      [1.07,1.29]      1.17***      [1.07,1.29]
Dementia=0                                                                                                         1         [1.00,1.00]         1         [1.00,1.00]
Dementia=1                                                                                                      1.24*        [1.05,1.47]      1.24*        [1.05,1.47]
Neurological d~0                                                                                                   1         [1.00,1.00]         1         [1.00,1.00]
Neurological d~1                                                                                                1.86***      [1.60,2.17]      1.85***      [1.59,2.15]
egfr >=60                                                                                                          1         [1.00,1.00]         1         [1.00,1.00]
eGFR <60                                                                                                        1.48***      [1.38,1.59]      1.48***      [1.38,1.59]
end stage rena~0                                                                                                   1         [1.00,1.00]         1         [1.00,1.00]
end stage rena~1                                                                                                1.45*        [1.07,1.97]      1.45*        [1.07,1.97]
Immunosuppress~=                                                                                                   1         [1.00,1.00]         1         [1.00,1.00]
Immunosuppress~=                                                                                                2.03***      [1.53,2.71]      2.03***      [1.53,2.70]
Autoimmune dis~0                                                                                                   1         [1.00,1.00]         1         [1.00,1.00]
Autoimmune dis~1                                                                                                1.16**       [1.04,1.29]      1.16**       [1.04,1.29]
1-2                                                                                                                                              1         [1.00,1.00]
3-5                                                                                                                                           0.84***      [0.77,0.93]
6-10                                                                                                                                          1.15         [0.97,1.37]
11+                                                                                                                                           1.00         [0.81,1.23]
Unknown                                                                                                                                       0.88**       [0.79,0.97]
----------------------------------------------------------------------------------------------------------------------------------------------------------------------
N_sub                                                                                                                                                                 
----------------------------------------------------------------------------------------------------------------------------------------------------------------------
Exponentiated coefficients; 95% confidence intervals in brackets
* p<0.05, ** p<0.01, *** p<0.001
ons_noncoviddeath
----------------------------------------------------------------------------------------------------------------------------------------------------------------------
                       (1)                           (2)                           (3)                           (4)                           (5)                    
                 ons_no~30                     ons_no~30                     ons_no~30                     ons_no~30                     ons_no~30                    
----------------------------------------------------------------------------------------------------------------------------------------------------------------------
ons_noncovidd~30                                                                                                                                                      
British                  1         [1.00,1.00]         1         [1.00,1.00]         1         [1.00,1.00]         1         [1.00,1.00]         1         [1.00,1.00]
Irish                 2.18         [0.69,6.86]      1.60         [0.50,5.13]      1.57         [0.49,5.01]      1.60         [0.49,5.18]      1.61         [0.50,5.23]
Other White           0.47*        [0.26,0.85]      0.91         [0.50,1.65]      0.91         [0.50,1.64]      0.93         [0.51,1.69]      0.93         [0.51,1.69]
White + Caribb~n      0.82         [0.11,5.88]      2.27        [0.30,17.04]      2.17        [0.29,16.31]      2.14        [0.27,16.81]      2.14        [0.27,16.84]
White + African          1         [1.00,1.00]         1         [1.00,1.00]         1         [1.00,1.00]         1         [1.00,1.00]         1         [1.00,1.00]
White + Asian            1         [1.00,1.00]         1         [1.00,1.00]         1         [1.00,1.00]         1         [1.00,1.00]         1         [1.00,1.00]
Other mixed              1         [1.00,1.00]         1         [1.00,1.00]         1         [1.00,1.00]         1         [1.00,1.00]         1         [1.00,1.00]
Indian                0.28**       [0.12,0.70]      0.50         [0.20,1.24]      0.49         [0.19,1.22]      0.60         [0.24,1.52]      0.63         [0.25,1.61]
Pakistani             0.49*        [0.25,0.96]      1.08         [0.55,2.15]      1.01         [0.51,2.02]      1.28         [0.63,2.59]      1.33         [0.64,2.78]
Bangladeshi           0.50         [0.12,2.03]      1.74         [0.42,7.17]      1.62         [0.39,6.67]      1.59         [0.38,6.69]      1.67         [0.39,7.15]
Other Asian           0.29         [0.07,1.19]      0.81         [0.20,3.34]      0.78         [0.19,3.22]      0.98         [0.24,4.07]      1.01         [0.24,4.20]
Caribbean             0.53         [0.07,3.84]      0.43         [0.06,3.17]      0.42         [0.06,3.03]      0.45         [0.06,3.31]      0.46         [0.06,3.36]
African                  1         [1.00,1.00]         1         [1.00,1.00]         1         [1.00,1.00]         1         [1.00,1.00]         1         [1.00,1.00]
Other Black              1         [1.00,1.00]         1         [1.00,1.00]         1         [1.00,1.00]         1         [1.00,1.00]         1         [1.00,1.00]
Chinese               1.70        [0.24,12.16]      4.06        [0.51,32.22]      3.88        [0.49,30.90]      4.70        [0.58,37.82]      4.57        [0.56,36.98]
Other                 0.19         [0.03,1.38]      0.66         [0.09,4.85]      0.65         [0.09,4.73]      0.64         [0.09,4.74]      0.65         [0.09,4.81]
Unknown               0.82         [0.65,1.04]      1.04         [0.82,1.33]      1.05         [0.82,1.34]      1.04         [0.81,1.33]      1.04         [0.81,1.34]
Sustainability~o         1         [1.00,1.00]         1         [1.00,1.00]         1         [1.00,1.00]         1         [1.00,1.00]         1         [1.00,1.00]
Sustainability~o      0.44***      [0.28,0.68]      0.50**       [0.32,0.78]      0.49**       [0.32,0.77]      0.47**       [0.30,0.74]      0.48**       [0.30,0.75]
Sustainability~o      0.75         [0.45,1.23]      0.73         [0.44,1.21]      0.73         [0.44,1.21]      0.72         [0.43,1.20]      0.73         [0.44,1.21]
Sustainability~o      0.97         [0.48,1.97]      0.89         [0.43,1.82]      0.87         [0.42,1.78]      0.86         [0.41,1.76]      0.85         [0.41,1.75]
Sustainability~o      1.03         [0.44,2.39]      1.01         [0.43,2.37]      1.07         [0.46,2.52]      1.05         [0.45,2.48]      1.05         [0.45,2.49]
Sustainability~o      1.16         [0.78,1.74]      0.99         [0.66,1.49]      0.98         [0.65,1.47]      0.94         [0.62,1.41]      0.94         [0.62,1.41]
Sustainability~o      1.36         [0.42,4.35]      0.84         [0.26,2.71]      0.86         [0.26,2.77]      0.80         [0.25,2.62]      0.79         [0.24,2.60]
Sustainability~o      0.41*        [0.20,0.83]      0.37**       [0.18,0.76]      0.39**       [0.19,0.79]      0.37**       [0.18,0.75]      0.36**       [0.18,0.75]
Sustainability~o      1.73*        [1.06,2.83]      1.16         [0.70,1.91]      1.16         [0.71,1.92]      1.07         [0.65,1.78]      1.06         [0.64,1.76]
Sustainability~o      0.42*        [0.21,0.82]      0.37**       [0.19,0.73]      0.38**       [0.19,0.74]      0.33**       [0.17,0.66]      0.34**       [0.17,0.67]
Sustainability~o      0.81         [0.47,1.41]      0.92         [0.52,1.60]      0.97         [0.55,1.70]      0.93         [0.52,1.64]      0.92         [0.52,1.63]
Sustainability~o      2.25**       [1.32,3.83]      1.69         [0.99,2.90]      1.60         [0.93,2.74]      1.43         [0.83,2.48]      1.42         [0.82,2.46]
Sustainability~o      1.48         [0.86,2.54]      1.24         [0.72,2.14]      1.23         [0.71,2.12]      1.18         [0.68,2.06]      1.19         [0.68,2.06]
Sustainability~o      1.29         [0.65,2.54]      1.27         [0.64,2.52]      1.32         [0.66,2.63]      1.10         [0.55,2.22]      1.10         [0.55,2.22]
Sustainability~o      0.42         [0.13,1.35]      0.52         [0.16,1.67]      0.53         [0.16,1.70]      0.45         [0.14,1.47]      0.46         [0.14,1.49]
Sustainability~o      1.23         [0.61,2.51]      0.96         [0.47,1.97]      0.96         [0.47,1.97]      0.89         [0.43,1.85]      0.89         [0.43,1.84]
Sustainability~o      1.28         [0.58,2.83]      0.96         [0.43,2.14]      0.99         [0.44,2.20]      0.83         [0.37,1.87]      0.84         [0.37,1.88]
Sustainability~o      1.35         [0.73,2.49]      1.29         [0.70,2.40]      1.37         [0.73,2.56]      1.22         [0.65,2.30]      1.23         [0.65,2.31]
Sustainability~o      0.52         [0.21,1.31]      0.66         [0.26,1.67]      0.71         [0.28,1.79]      0.68         [0.27,1.73]      0.69         [0.27,1.74]
Sustainability~o      0.85         [0.46,1.60]      0.74         [0.39,1.40]      0.79         [0.42,1.49]      0.77         [0.40,1.46]      0.77         [0.41,1.47]
Sustainability~o      0.75         [0.36,1.54]      0.88         [0.42,1.85]      0.89         [0.42,1.88]      0.81         [0.38,1.71]      0.80         [0.38,1.71]
Sustainability~o      0.85         [0.12,6.22]      1.05         [0.14,7.80]      1.05         [0.14,7.82]      0.98         [0.13,7.47]      0.96         [0.12,7.35]
Sustainability~o      0.85         [0.36,1.97]      0.70         [0.30,1.64]      0.73         [0.31,1.74]      0.69         [0.29,1.63]      0.69         [0.29,1.63]
Sustainability~o         1         [1.00,1.00]         1         [1.00,1.00]         1         [1.00,1.00]         1         [1.00,1.00]         1         [1.00,1.00]
Sustainability~o         1         [1.00,1.00]         1         [1.00,1.00]         1         [1.00,1.00]         1         [1.00,1.00]         1         [1.00,1.00]
Sustainability~o      1.45         [0.76,2.78]      1.02         [0.53,1.97]      1.07         [0.55,2.07]      0.97         [0.50,1.91]      0.98         [0.50,1.92]
Sustainability~o      0.23*        [0.06,0.94]      0.24*        [0.06,0.97]      0.25         [0.06,1.05]      0.26         [0.06,1.06]      0.25         [0.06,1.05]
Sustainability~o      1.46         [0.80,2.69]      1.05         [0.57,1.95]      1.13         [0.61,2.11]      1.11         [0.59,2.08]      1.12         [0.60,2.10]
Sustainability~o      1.18         [0.54,2.61]      1.13         [0.51,2.52]      1.13         [0.51,2.52]      1.13         [0.50,2.54]      1.14         [0.51,2.56]
Sustainability~o      0.80         [0.29,2.20]      0.68         [0.25,1.91]      0.75         [0.27,2.11]      0.66         [0.23,1.87]      0.66         [0.24,1.88]
Sustainability~o         1         [1.00,1.00]         1         [1.00,1.00]         1         [1.00,1.00]         1         [1.00,1.00]         1         [1.00,1.00]
Sustainability~o         1         [1.00,1.00]         1         [1.00,1.00]         1         [1.00,1.00]         1         [1.00,1.00]         1         [1.00,1.00]
Female                                                 1         [1.00,1.00]         1         [1.00,1.00]         1         [1.00,1.00]         1         [1.00,1.00]
Male                                                1.18         [0.96,1.45]      1.18         [0.96,1.45]      1.11         [0.89,1.37]      1.11         [0.90,1.38]
Age spline 1                                        1.03         [0.92,1.16]      1.04         [0.92,1.17]      1.07         [0.94,1.21]      1.07         [0.95,1.22]
Age spline 2                                        1.28         [0.96,1.71]      1.27         [0.95,1.70]      1.15         [0.85,1.55]      1.13         [0.84,1.53]
Age spline 3                                        0.54         [0.27,1.07]      0.54         [0.27,1.08]      0.68         [0.34,1.39]      0.71         [0.35,1.45]
1 least deprived                                                                     1         [1.00,1.00]         1         [1.00,1.00]         1         [1.00,1.00]
2                                                                                 1.30         [0.91,1.86]      1.30         [0.90,1.87]      1.30         [0.90,1.87]
3                                                                                 1.41         [0.98,2.02]      1.39         [0.97,1.99]      1.39         [0.96,1.99]
4                                                                                 1.29         [0.90,1.84]      1.29         [0.90,1.85]      1.29         [0.89,1.85]
5 most deprived                                                                   1.49*        [1.05,2.11]      1.42         [1.00,2.03]      1.43*        [1.00,2.04]
Underweig..5)                                                                                                      1         [1.00,1.00]         1         [1.00,1.00]
Normal (18.5-~9)                                                                                                0.45***      [0.28,0.71]      0.45***      [0.28,0.72]
Overweigh..9 ~4)                                                                                                0.37***      [0.23,0.59]      0.37***      [0.23,0.60]
Obese I (..9 ~4)                                                                                                0.24***      [0.14,0.41]      0.24***      [0.14,0.42]
Obese II ..9 ~4)                                                                                                0.38**       [0.21,0.70]      0.39**       [0.21,0.71]
Obese III..5+)                                                                                                  0.50         [0.24,1.03]      0.51         [0.25,1.04]
Unknown                                                                                                         0.54*        [0.31,0.93]      0.54*        [0.31,0.94]
<6.5%                                                                                                              1         [1.00,1.00]         1         [1.00,1.00]
>=6.5-7.4                                                                                                       1.39         [0.90,2.15]      1.39         [0.90,2.14]
>=7.5-7.9                                                                                                       1.28         [0.61,2.65]      1.27         [0.61,2.65]
>=8-8.9                                                                                                         1.16         [0.57,2.36]      1.16         [0.57,2.36]
>=9                                                                                                             1.77         [0.94,3.33]      1.77         [0.94,3.33]
Unknown                                                                                                         0.95         [0.71,1.28]      0.95         [0.71,1.28]
Number of GP c~h                                                                                                1.01*        [1.00,1.01]      1.01*        [1.00,1.01]
Never                                                                                                              1         [1.00,1.00]         1         [1.00,1.00]
Former                                                                                                          0.99         [0.78,1.25]      0.99         [0.78,1.25]
Current                                                                                                         1.58*        [1.06,2.35]      1.57*        [1.05,2.34]
Diagnosed hype~0                                                                                                   1         [1.00,1.00]         1         [1.00,1.00]
Diagnosed hype~1                                                                                                1.08         [0.85,1.39]      1.08         [0.85,1.38]
Normal                                                                                                             1         [1.00,1.00]         1         [1.00,1.00]
Elevated                                                                                                        0.71         [0.50,1.01]      0.72         [0.51,1.02]
High, stage I                                                                                                   0.70*        [0.52,0.95]      0.70*        [0.52,0.95]
High, stage II                                                                                                  0.73*        [0.55,0.99]      0.74*        [0.55,0.99]
Unknown                                                                                                         0.81         [0.48,1.36]      0.82         [0.49,1.38]
Asthma categor~0                                                                                                   1         [1.00,1.00]         1         [1.00,1.00]
Asthma categor~1                                                                                                0.87         [0.64,1.19]      0.87         [0.64,1.19]
Chronic Respir~0                                                                                                   1         [1.00,1.00]         1         [1.00,1.00]
Chronic Respir~1                                                                                                1.25         [0.96,1.62]      1.25         [0.96,1.63]
Chronic Cardia~0                                                                                                   1         [1.00,1.00]         1         [1.00,1.00]
Chronic Cardia~1                                                                                                1.11         [0.88,1.40]      1.11         [0.88,1.40]
No DM                                                                                                              1         [1.00,1.00]         1         [1.00,1.00]
T1DM                                                                                                            0.64         [0.15,2.78]      0.64         [0.15,2.77]
T2DM                                                                                                            0.84         [0.57,1.25]      0.84         [0.57,1.25]
UNKNOWN_DM                                                                                                      0.82         [0.48,1.38]      0.82         [0.48,1.38]
Cancer=0                                                                                                           1         [1.00,1.00]         1         [1.00,1.00]
Cancer=1                                                                                                        3.27***      [2.63,4.06]      3.27***      [2.63,4.06]
Chronic liver ~0                                                                                                   1         [1.00,1.00]         1         [1.00,1.00]
Chronic liver ~1                                                                                                2.25*        [1.17,4.31]      2.25*        [1.17,4.30]
Stroke=0                                                                                                           1         [1.00,1.00]         1         [1.00,1.00]
Stroke=1                                                                                                        1.15         [0.85,1.54]      1.15         [0.85,1.54]
Dementia=0                                                                                                         1         [1.00,1.00]         1         [1.00,1.00]
Dementia=1                                                                                                      1.63*        [1.03,2.57]      1.62*        [1.02,2.57]
Neurological d~0                                                                                                   1         [1.00,1.00]         1         [1.00,1.00]
Neurological d~1                                                                                                1.01         [0.57,1.78]      1.00         [0.57,1.76]
egfr >=60                                                                                                          1         [1.00,1.00]         1         [1.00,1.00]
eGFR <60                                                                                                        1.36*        [1.07,1.73]      1.36*        [1.07,1.73]
end stage rena~0                                                                                                   1         [1.00,1.00]         1         [1.00,1.00]
end stage rena~1                                                                                                1.79         [0.63,5.05]      1.78         [0.63,5.03]
Immunosuppress~=                                                                                                   1         [1.00,1.00]         1         [1.00,1.00]
Immunosuppress~=                                                                                                0.57         [0.14,2.39]      0.57         [0.14,2.41]
Autoimmune dis~0                                                                                                   1         [1.00,1.00]         1         [1.00,1.00]
Autoimmune dis~1                                                                                                1.12         [0.78,1.61]      1.13         [0.78,1.61]
1-2                                                                                                                                              1         [1.00,1.00]
3-5                                                                                                                                           0.83         [0.59,1.17]
6-10                                                                                                                                          0.93         [0.48,1.79]
11+                                                                                                                                           1.12         [0.63,1.99]
Unknown                                                                                                                                       0.83         [0.58,1.17]
----------------------------------------------------------------------------------------------------------------------------------------------------------------------
N_sub                                                                                                                                                                 
----------------------------------------------------------------------------------------------------------------------------------------------------------------------
Exponentiated coefficients; 95% confidence intervals in brackets
* p<0.05, ** p<0.01, *** p<0.001
onsdeath
----------------------------------------------------------------------------------------------------------------------------------------------------------------------
                       (1)                           (2)                           (3)                           (4)                           (5)                    
                 onsdea~30                     onsdea~30                     onsdea~30                     onsdea~30                     onsdea~30                    
----------------------------------------------------------------------------------------------------------------------------------------------------------------------
onsdeath_30                                                                                                                                                           
British                  1         [1.00,1.00]         1         [1.00,1.00]         1         [1.00,1.00]         1         [1.00,1.00]         1         [1.00,1.00]
Irish                 1.44         [0.98,2.11]      1.10         [0.72,1.68]      1.05         [0.69,1.60]      1.01         [0.65,1.56]      1.01         [0.66,1.56]
Other White           0.55***      [0.47,0.63]      1.08         [0.92,1.27]      1.06         [0.90,1.25]      1.09         [0.92,1.29]      1.09         [0.92,1.29]
White + Caribb~n      0.46*        [0.23,0.92]      1.74         [0.78,3.87]      1.62         [0.73,3.62]      1.77         [0.79,3.99]      1.77         [0.79,3.99]
White + African       0.31*        [0.12,0.83]      1.91         [0.68,5.39]      1.72         [0.61,4.86]      1.67         [0.58,4.84]      1.67         [0.58,4.83]
White + Asian         0.20**       [0.06,0.63]      0.83         [0.25,2.79]      0.77         [0.23,2.61]      0.77         [0.23,2.62]      0.74         [0.22,2.53]
Other mixed           0.20**       [0.07,0.53]      1.20         [0.43,3.32]      1.13         [0.41,3.14]      1.06         [0.36,3.14]      1.07         [0.36,3.16]
Indian                0.69***      [0.58,0.82]      1.30**       [1.08,1.57]      1.25*        [1.03,1.51]      1.38**       [1.13,1.68]      1.40**       [1.14,1.71]
Pakistani             0.64***      [0.54,0.75]      1.45***      [1.21,1.73]      1.27**       [1.06,1.52]      1.31**       [1.08,1.57]      1.28*        [1.06,1.56]
Bangladeshi           0.54**       [0.37,0.80]      1.93**       [1.25,3.00]      1.68*        [1.08,2.61]      1.46         [0.93,2.31]      1.43         [0.90,2.27]
Other Asian           0.42***      [0.30,0.58]      1.23         [0.86,1.75]      1.15         [0.81,1.64]      1.26         [0.87,1.81]      1.25         [0.87,1.80]
Caribbean             1.39         [0.97,1.99]      1.28         [0.85,1.93]      1.16         [0.77,1.75]      1.21         [0.80,1.83]      1.21         [0.80,1.83]
African               0.21***      [0.12,0.36]      1.15         [0.64,2.05]      1.03         [0.58,1.84]      1.10         [0.61,1.99]      1.09         [0.60,1.98]
Other Black           0.38**       [0.19,0.72]      1.98         [0.98,4.01]      1.84         [0.91,3.73]      2.05*        [1.02,4.12]      2.02*        [1.00,4.07]
Chinese               0.49         [0.18,1.32]      1.58         [0.51,4.90]      1.45         [0.47,4.53]      1.95         [0.60,6.31]      1.92         [0.59,6.24]
Other                 0.26***      [0.16,0.41]      0.93         [0.57,1.53]      0.89         [0.54,1.46]      0.86         [0.52,1.43]      0.86         [0.52,1.43]
Unknown               0.85***      [0.80,0.91]      1.13**       [1.05,1.21]      1.13***      [1.05,1.21]      1.14***      [1.06,1.23]      1.15***      [1.06,1.23]
Sustainability~o         1         [1.00,1.00]         1         [1.00,1.00]         1         [1.00,1.00]         1         [1.00,1.00]         1         [1.00,1.00]
Sustainability~o      0.62         [0.20,1.95]      0.36         [0.10,1.38]      0.36         [0.09,1.39]      0.42         [0.11,1.65]      0.43         [0.11,1.69]
Sustainability~o      0.96         [0.31,3.04]      0.51         [0.13,1.93]      0.52         [0.13,2.00]      0.62         [0.16,2.43]      0.63         [0.16,2.49]
Sustainability~o      1.16         [0.37,3.70]      0.58         [0.15,2.21]      0.57         [0.15,2.22]      0.66         [0.17,2.62]      0.67         [0.17,2.66]
Sustainability~o      0.99         [0.31,3.18]      0.52         [0.13,2.03]      0.57         [0.14,2.24]      0.64         [0.16,2.56]      0.65         [0.16,2.61]
Sustainability~o      1.10         [0.35,3.45]      0.50         [0.13,1.91]      0.49         [0.13,1.91]      0.56         [0.14,2.22]      0.57         [0.14,2.26]
Sustainability~o      1.75         [0.54,5.66]      0.63         [0.16,2.49]      0.65         [0.16,2.61]      0.75         [0.18,3.08]      0.77         [0.19,3.14]
Sustainability~o      0.96         [0.30,3.02]      0.47         [0.12,1.81]      0.50         [0.13,1.92]      0.54         [0.14,2.15]      0.55         [0.14,2.20]
Sustainability~o      1.78         [0.57,5.63]      0.70         [0.18,2.68]      0.72         [0.19,2.79]      0.79         [0.20,3.12]      0.79         [0.20,3.14]
Sustainability~o      1.09         [0.35,3.43]      0.53         [0.14,2.03]      0.55         [0.14,2.11]      0.61         [0.15,2.42]      0.62         [0.16,2.46]
Sustainability~o      0.75         [0.24,2.37]      0.44         [0.11,1.66]      0.48         [0.12,1.85]      0.54         [0.14,2.14]      0.55         [0.14,2.18]
Sustainability~o      1.42         [0.45,4.51]      0.60         [0.16,2.30]      0.55         [0.14,2.15]      0.62         [0.16,2.47]      0.63         [0.16,2.51]
Sustainability~o      1.03         [0.33,3.28]      0.47         [0.12,1.78]      0.46         [0.12,1.78]      0.55         [0.14,2.20]      0.56         [0.14,2.24]
Sustainability~o      1.10         [0.35,3.50]      0.60         [0.16,2.32]      0.65         [0.17,2.54]      0.70         [0.17,2.79]      0.71         [0.18,2.83]
Sustainability~o      0.58         [0.18,1.86]      0.37         [0.09,1.44]      0.39         [0.10,1.55]      0.43         [0.11,1.73]      0.44         [0.11,1.78]
Sustainability~o      0.95         [0.30,3.03]      0.40         [0.10,1.54]      0.41         [0.11,1.62]      0.47         [0.12,1.90]      0.48         [0.12,1.94]
Sustainability~o      1.49         [0.47,4.76]      0.67         [0.17,2.59]      0.72         [0.18,2.83]      0.76         [0.19,3.06]      0.78         [0.19,3.13]
Sustainability~o      1.17         [0.37,3.71]      0.64         [0.17,2.46]      0.70         [0.18,2.74]      0.73         [0.18,2.90]      0.74         [0.19,2.96]
Sustainability~o      0.71         [0.22,2.25]      0.46         [0.12,1.77]      0.52         [0.13,2.03]      0.61         [0.15,2.44]      0.63         [0.16,2.52]
Sustainability~o      1.28         [0.41,4.06]      0.63         [0.16,2.40]      0.69         [0.18,2.66]      0.82         [0.21,3.25]      0.84         [0.21,3.34]
Sustainability~o      0.64         [0.20,2.02]      0.34         [0.09,1.33]      0.36         [0.09,1.42]      0.39         [0.10,1.58]      0.40         [0.10,1.60]
Sustainability~o      0.90         [0.26,3.10]      0.58         [0.14,2.45]      0.62         [0.15,2.66]      0.72         [0.16,3.16]      0.73         [0.17,3.22]
Sustainability~o      0.81         [0.25,2.61]      0.35         [0.09,1.34]      0.39         [0.10,1.55]      0.46         [0.11,1.84]      0.46         [0.11,1.87]
Sustainability~o      0.48         [0.10,2.43]      0.29         [0.05,1.75]      0.34         [0.06,2.10]      0.36         [0.06,2.28]      0.36         [0.06,2.30]
Sustainability~o      0.63         [0.18,2.26]      0.55         [0.13,2.43]      0.56         [0.13,2.50]      0.71         [0.16,3.24]      0.72         [0.16,3.28]
Sustainability~o      1.18         [0.37,3.77]      0.44         [0.11,1.67]      0.47         [0.12,1.85]      0.52         [0.13,2.07]      0.53         [0.13,2.12]
Sustainability~o      0.69         [0.22,2.22]      0.38         [0.10,1.46]      0.43         [0.11,1.68]      0.49         [0.12,1.98]      0.50         [0.12,2.01]
Sustainability~o      1.13         [0.36,3.59]      0.44         [0.11,1.68]      0.49         [0.13,1.92]      0.57         [0.14,2.28]      0.58         [0.15,2.34]
Sustainability~o      0.70         [0.22,2.27]      0.34         [0.09,1.34]      0.35         [0.09,1.41]      0.43         [0.11,1.73]      0.44         [0.11,1.77]
Sustainability~o      1.27         [0.40,4.07]      0.65         [0.17,2.53]      0.74         [0.19,2.93]      0.80         [0.20,3.24]      0.82         [0.20,3.31]
Sustainability~o      0.40         [0.04,3.94]      0.30         [0.03,3.38]      0.35         [0.03,4.07]      0.16         [0.01,2.49]      0.16         [0.01,2.45]
Sustainability~o      0.82         [0.26,2.59]      0.43         [0.11,1.64]      0.43         [0.11,1.65]      0.50         [0.13,1.97]      0.51         [0.13,2.01]
Female                                                 1         [1.00,1.00]         1         [1.00,1.00]         1         [1.00,1.00]         1         [1.00,1.00]
Male                                                1.95***      [1.83,2.07]      1.96***      [1.85,2.08]      1.82***      [1.70,1.93]      1.82***      [1.71,1.94]
Age spline 1                                        1.02         [0.98,1.07]      1.03         [0.98,1.07]      1.07**       [1.02,1.13]      1.08**       [1.03,1.13]
Age spline 2                                        1.45***      [1.32,1.60]      1.44***      [1.31,1.59]      1.22***      [1.10,1.36]      1.20***      [1.08,1.34]
Age spline 3                                        0.38***      [0.30,0.47]      0.38***      [0.30,0.48]      0.58***      [0.45,0.74]      0.59***      [0.46,0.76]
1 least deprived                                                                     1         [1.00,1.00]         1         [1.00,1.00]         1         [1.00,1.00]
2                                                                                 1.08         [0.97,1.19]      1.02         [0.92,1.14]      1.02         [0.92,1.14]
3                                                                                 1.18**       [1.07,1.31]      1.09         [0.99,1.22]      1.09         [0.98,1.21]
4                                                                                 1.36***      [1.24,1.51]      1.20***      [1.08,1.33]      1.19***      [1.08,1.32]
5 most deprived                                                                   1.58***      [1.43,1.73]      1.30***      [1.18,1.44]      1.30***      [1.18,1.44]
Underweig..5)                                                                                                      1         [1.00,1.00]         1         [1.00,1.00]
Normal (18.5-~9)                                                                                                0.50***      [0.42,0.61]      0.51***      [0.42,0.61]
Overweigh..9 ~4)                                                                                                0.40***      [0.33,0.48]      0.40***      [0.33,0.49]
Obese I (..9 ~4)                                                                                                0.47***      [0.39,0.57]      0.47***      [0.39,0.58]
Obese II ..9 ~4)                                                                                                0.58***      [0.47,0.72]      0.59***      [0.47,0.72]
Obese III..5+)                                                                                                  0.95         [0.75,1.20]      0.96         [0.76,1.21]
Unknown                                                                                                         0.64***      [0.51,0.79]      0.64***      [0.52,0.79]
<6.5%                                                                                                              1         [1.00,1.00]         1         [1.00,1.00]
>=6.5-7.4                                                                                                       0.98         [0.87,1.10]      0.98         [0.87,1.11]
>=7.5-7.9                                                                                                       1.02         [0.84,1.23]      1.02         [0.84,1.23]
>=8-8.9                                                                                                         1.18         [0.99,1.41]      1.18         [0.99,1.41]
>=9                                                                                                             1.18         [0.99,1.40]      1.18         [0.99,1.40]
Unknown                                                                                                         1.04         [0.95,1.14]      1.04         [0.95,1.14]
Number of GP c~h                                                                                                1.01***      [1.01,1.01]      1.01***      [1.01,1.01]
Never                                                                                                              1         [1.00,1.00]         1         [1.00,1.00]
Former                                                                                                          1.30***      [1.21,1.39]      1.30***      [1.21,1.39]
Current                                                                                                         1.74***      [1.54,1.98]      1.74***      [1.53,1.97]
Diagnosed hype~0                                                                                                   1         [1.00,1.00]         1         [1.00,1.00]
Diagnosed hype~1                                                                                                1.03         [0.96,1.10]      1.03         [0.96,1.10]
Normal                                                                                                             1         [1.00,1.00]         1         [1.00,1.00]
Elevated                                                                                                        0.83***      [0.75,0.93]      0.83***      [0.75,0.93]
High, stage I                                                                                                   0.83***      [0.76,0.91]      0.83***      [0.76,0.91]
High, stage II                                                                                                  0.81***      [0.74,0.89]      0.81***      [0.74,0.89]
Unknown                                                                                                         0.77**       [0.65,0.90]      0.77**       [0.65,0.91]
Asthma categor~0                                                                                                   1         [1.00,1.00]         1         [1.00,1.00]
Asthma categor~1                                                                                                0.95         [0.87,1.03]      0.95         [0.87,1.04]
Chronic Respir~0                                                                                                   1         [1.00,1.00]         1         [1.00,1.00]
Chronic Respir~1                                                                                                1.66***      [1.54,1.79]      1.66***      [1.54,1.79]
Chronic Cardia~0                                                                                                   1         [1.00,1.00]         1         [1.00,1.00]
Chronic Cardia~1                                                                                                1.33***      [1.24,1.42]      1.33***      [1.24,1.42]
No DM                                                                                                              1         [1.00,1.00]         1         [1.00,1.00]
T1DM                                                                                                            1.97***      [1.42,2.74]      1.98***      [1.42,2.75]
T2DM                                                                                                            1.37***      [1.23,1.52]      1.37***      [1.23,1.53]
UNKNOWN_DM                                                                                                      1.13         [0.99,1.30]      1.13         [0.99,1.30]
Cancer=0                                                                                                           1         [1.00,1.00]         1         [1.00,1.00]
Cancer=1                                                                                                        1.73***      [1.61,1.86]      1.73***      [1.61,1.86]
Chronic liver ~0                                                                                                   1         [1.00,1.00]         1         [1.00,1.00]
Chronic liver ~1                                                                                                2.05***      [1.68,2.52]      2.04***      [1.67,2.50]
Stroke=0                                                                                                           1         [1.00,1.00]         1         [1.00,1.00]
Stroke=1                                                                                                        1.18***      [1.08,1.29]      1.18***      [1.08,1.29]
Dementia=0                                                                                                         1         [1.00,1.00]         1         [1.00,1.00]
Dementia=1                                                                                                      1.30**       [1.10,1.53]      1.30**       [1.10,1.53]
Neurological d~0                                                                                                   1         [1.00,1.00]         1         [1.00,1.00]
Neurological d~1                                                                                                1.82***      [1.57,2.11]      1.81***      [1.56,2.10]
egfr >=60                                                                                                          1         [1.00,1.00]         1         [1.00,1.00]
eGFR <60                                                                                                        1.49***      [1.39,1.60]      1.49***      [1.39,1.60]
end stage rena~0                                                                                                   1         [1.00,1.00]         1         [1.00,1.00]
end stage rena~1                                                                                                1.49**       [1.10,2.01]      1.49**       [1.10,2.01]
Immunosuppress~=                                                                                                   1         [1.00,1.00]         1         [1.00,1.00]
Immunosuppress~=                                                                                                1.93***      [1.45,2.56]      1.92***      [1.45,2.55]
Autoimmune dis~0                                                                                                   1         [1.00,1.00]         1         [1.00,1.00]
Autoimmune dis~1                                                                                                1.16**       [1.04,1.28]      1.16**       [1.05,1.29]
1-2                                                                                                                                              1         [1.00,1.00]
3-5                                                                                                                                           0.84***      [0.77,0.92]
6-10                                                                                                                                          1.14         [0.96,1.35]
11+                                                                                                                                           1.01         [0.83,1.24]
Unknown                                                                                                                                       0.87**       [0.79,0.96]
----------------------------------------------------------------------------------------------------------------------------------------------------------------------
N_sub                                                                                                                                                                 
----------------------------------------------------------------------------------------------------------------------------------------------------------------------
Exponentiated coefficients; 95% confidence intervals in brackets
* p<0.05, ** p<0.01, *** p<0.001
