Table 0: Outcome counts by ethnic group
	Total	1	2	3	4	5	6	7	8	9	10	11	12	13	14	15	16	17
Main population: no care homes
N	 1.76e+07 (100.0)	  9845315 (100.0)	   81,185 (100.0)	  1396583 (100.0)	   41,228 (100.0)	   34,991 (100.0)	   36,257 (100.0)	   67,081 (100.0)	  447,812 (100.0)	  309,214 (100.0)	   73,154 (100.0)	  231,156 (100.0)	   84,219 (100.0)	  199,012 (100.0)	   72,394 (100.0)	  105,658 (100.0)	  229,304 (100.0)	  4381803 (100.0)	

tested	  2647756 (15.0)	  1567742 (15.9)	   11,763 (14.5)	  153,767 (11.0)	    6,868 (16.7)	    5,134 (14.7)	    5,548 (15.3)	    9,129 (13.6)	   66,056 (14.8)	   58,882 (19.0)	   11,396 (15.6)	   30,522 (13.2)	   10,749 (12.8)	   27,417 (13.8)	    9,902 (13.7)	    6,444 (6.1)	   26,460 (11.5)	  639,977 (14.6)	
positivetest	  506,773 (2.9)	  275,080 (2.8)	    1,772 (2.2)	   31,131 (2.2)	    1,414 (3.4)	    1,110 (3.2)	    1,213 (3.3)	    1,846 (2.8)	   18,670 (4.2)	   19,779 (6.4)	    3,935 (5.4)	    8,474 (3.7)	    2,146 (2.5)	    5,920 (3.0)	    2,152 (3.0)	      781 (0.7)	    6,214 (2.7)	  125,136 (2.9)	
hes	   18,855 (0.1)	   11,209 (0.1)	       92 (0.1)	      819 (0.1)	       39 (0.1)	       21 (0.1)	       34 (0.1)	       38 (0.1)	      665 (0.1)	      992 (0.3)	      151 (0.2)	      292 (0.1)	      117 (0.1)	      177 (0.1)	       68 (0.1)	       20 (0.0)	      202 (0.1)	    3,919 (0.1)	
onscoviddeath	    7,366 (0.0)	    4,599 (0.0)	       32 (0.0)	      243 (0.0)	        7 (0.0)	        6 (0.0)	        5 (0.0)	        8 (0.0)	      205 (0.0)	      240 (0.1)	       39 (0.1)	       48 (0.0)	       44 (0.1)	       19 (0.0)	       12 (0.0)	        6 (0.0)	       29 (0.0)	    1,824 (0.0)	
ons_noncoviddeath	   41,801 (0.2)	   26,499 (0.3)	      289 (0.4)	    1,441 (0.1)	       47 (0.1)	       21 (0.1)	       23 (0.1)	       43 (0.1)	      488 (0.1)	      314 (0.1)	       53 (0.1)	      118 (0.1)	      185 (0.2)	      103 (0.1)	       61 (0.1)	       46 (0.0)	      133 (0.1)	   11,937 (0.3)	
onsdeath	   49,167 (0.3)	   31,098 (0.3)	      321 (0.4)	    1,684 (0.1)	       54 (0.1)	       27 (0.1)	       28 (0.1)	       51 (0.1)	      693 (0.2)	      554 (0.2)	       92 (0.1)	      166 (0.1)	      229 (0.3)	      122 (0.1)	       73 (0.1)	       52 (0.0)	      162 (0.1)	   13,761 (0.3)	
any_resp_support_flag	        0 (0.0)	        0 (0.0)	        0 (0.0)	        0 (0.0)	        0 (0.0)	        0 (0.0)	        0 (0.0)	        0 (0.0)	        0 (0.0)	        0 (0.0)	        0 (0.0)	        0 (0.0)	        0 (0.0)	        0 (0.0)	        0 (0.0)	        0 (0.0)	        0 (0.0)	        0 (0.0)	
basic_resp_support_flag	        0 (0.0)	        0 (0.0)	        0 (0.0)	        0 (0.0)	        0 (0.0)	        0 (0.0)	        0 (0.0)	        0 (0.0)	        0 (0.0)	        0 (0.0)	        0 (0.0)	        0 (0.0)	        0 (0.0)	        0 (0.0)	        0 (0.0)	        0 (0.0)	        0 (0.0)	        0 (0.0)	
advanced_resp_support_flag	        0 (0.0)	        0 (0.0)	        0 (0.0)	        0 (0.0)	        0 (0.0)	        0 (0.0)	        0 (0.0)	        0 (0.0)	        0 (0.0)	        0 (0.0)	        0 (0.0)	        0 (0.0)	        0 (0.0)	        0 (0.0)	        0 (0.0)	        0 (0.0)	        0 (0.0)	        0 (0.0)	
Care home population
N	   71,890 (100.0)	   48,976 (100.0)	      540 (100.0)	    2,768 (100.0)	       66 (100.0)	       46 (100.0)	       43 (100.0)	       75 (100.0)	      345 (100.0)	      101 (100.0)	       14 (100.0)	      188 (100.0)	      248 (100.0)	      188 (100.0)	      115 (100.0)	       57 (100.0)	      276 (100.0)	   17,844 (100.0)	

tested	   13,036 (18.1)	    9,114 (18.6)	       88 (16.3)	      387 (14.0)	       15 (22.7)	       13 (28.3)	        3 (7.0)	        9 (12.0)	       66 (19.1)	       18 (17.8)	        4 (28.6)	       21 (11.2)	       37 (14.9)	       23 (12.2)	       12 (10.4)	        9 (15.8)	       44 (15.9)	    3,173 (17.8)	
positivetest	    7,756 (10.8)	    5,501 (11.2)	       56 (10.4)	      227 (8.2)	        8 (12.1)	        4 (8.7)	        1 (2.3)	        2 (2.7)	       36 (10.4)	        8 (7.9)	        1 (7.1)	       12 (6.4)	       23 (9.3)	       12 (6.4)	        4 (3.5)	        6 (10.5)	       25 (9.1)	    1,830 (10.3)	
hes	      624 (0.9)	      442 (0.9)	        3 (0.6)	       17 (0.6)	        3 (4.5)	        0 (0.0)	        0 (0.0)	        0 (0.0)	        6 (1.7)	        2 (2.0)	        0 (0.0)	        1 (0.5)	        7 (2.8)	        0 (0.0)	        0 (0.0)	        1 (1.8)	        1 (0.4)	      141 (0.8)	
onscoviddeath	    1,437 (2.0)	    1,024 (2.1)	       10 (1.9)	       37 (1.3)	        2 (3.0)	        0 (0.0)	        0 (0.0)	        0 (0.0)	       13 (3.8)	        1 (1.0)	        0 (0.0)	        1 (0.5)	        5 (2.0)	        1 (0.5)	        0 (0.0)	        1 (1.8)	        4 (1.4)	      338 (1.9)	
ons_noncoviddeath	    6,217 (8.6)	    4,210 (8.6)	       39 (7.2)	      197 (7.1)	        2 (3.0)	        1 (2.2)	        0 (0.0)	        3 (4.0)	       15 (4.3)	        3 (3.0)	        0 (0.0)	       11 (5.9)	       14 (5.6)	        3 (1.6)	        1 (0.9)	        3 (5.3)	        7 (2.5)	    1,708 (9.6)	
onsdeath	    7,654 (10.6)	    5,234 (10.7)	       49 (9.1)	      234 (8.5)	        4 (6.1)	        1 (2.2)	        0 (0.0)	        3 (4.0)	       28 (8.1)	        4 (4.0)	        0 (0.0)	       12 (6.4)	       19 (7.7)	        4 (2.1)	        1 (0.9)	        4 (7.0)	       11 (4.0)	    2,046 (11.5)	
any_resp_support_flag	        0 (0.0)	        0 (0.0)	        0 (0.0)	        0 (0.0)	        0 (0.0)	        0 (0.0)	        0 (0.0)	        0 (0.0)	        0 (0.0)	        0 (0.0)	        0 (0.0)	        0 (0.0)	        0 (0.0)	        0 (0.0)	        0 (0.0)	        0 (0.0)	        0 (0.0)	        0 (0.0)	
basic_resp_support_flag	        0 (0.0)	        0 (0.0)	        0 (0.0)	        0 (0.0)	        0 (0.0)	        0 (0.0)	        0 (0.0)	        0 (0.0)	        0 (0.0)	        0 (0.0)	        0 (0.0)	        0 (0.0)	        0 (0.0)	        0 (0.0)	        0 (0.0)	        0 (0.0)	        0 (0.0)	        0 (0.0)	
advanced_resp_support_flag	        0 (0.0)	        0 (0.0)	        0 (0.0)	        0 (0.0)	        0 (0.0)	        0 (0.0)	        0 (0.0)	        0 (0.0)	        0 (0.0)	        0 (0.0)	        0 (0.0)	        0 (0.0)	        0 (0.0)	        0 (0.0)	        0 (0.0)	        0 (0.0)	        0 (0.0)	        0 (0.0)	
