Table 1: Demographic and Clinical Characteristics- No care omes
	Total	White	South Asian	Black	Mixed	Other	Unknown

1	 1.76e+07 (100.0)	 1.13e+07 (100.0)	  1061336 (100.0)	  355,625 (100.0)	  179,557 (100.0)	  334,962 (100.0)	  4381803 (100.0)	

Age (years)
Mean (SD)	49.6 (18.6)	51.4 (18.2)	43.1 (15.4)	43.9 (15.6)	40.1 (14.9)	40.6 (15.0)	48.1 (20.0)	
Median (IQR)	49.0 (34.0-64.0)	51.0 (36.0-66.0)	41.0 (32.0-52.0)	43.0 (32.0-54.0)	38.0 (28.0-50.0)	38.0 (29.0-49.0)	48.0 (30.0-63.0)	

Male
0	  8814726 (50.0)	  5874721 (51.9)	  509,373 (48.0)	  177,247 (49.8)	   92,312 (51.4)	  164,329 (49.1)	  1996744 (45.6)	
1	  8821640 (50.0)	  5448362 (48.1)	  551,963 (52.0)	  178,378 (50.2)	   87,245 (48.6)	  170,633 (50.9)	  2385059 (54.4)	

Index of Multiple Deprivation (IMD)
1	  3597451 (20.4)	  2433143 (21.5)	   93,775 (8.8)	   24,178 (6.8)	   23,926 (13.3)	   45,205 (13.5)	  977,224 (22.3)	
2	  3537951 (20.1)	  2388302 (21.1)	  121,702 (11.5)	   36,748 (10.3)	   29,012 (16.2)	   57,909 (17.3)	  904,278 (20.6)	
3	  3600711 (20.4)	  2343572 (20.7)	  201,326 (19.0)	   59,060 (16.6)	   34,901 (19.4)	   65,652 (19.6)	  896,200 (20.5)	
4	  3530258 (20.0)	  2176660 (19.2)	  305,012 (28.7)	   94,837 (26.7)	   42,309 (23.6)	   82,106 (24.5)	  829,334 (18.9)	
5	  3369995 (19.1)	  1981406 (17.5)	  339,521 (32.0)	  140,802 (39.6)	   49,409 (27.5)	   84,090 (25.1)	  774,767 (17.7)	

# people in household
Mean (SD)	4.2 (43.0)	3.9 (43.6)	6.2 (42.7)	4.5 (30.2)	7.3 (59.8)	15.3 (103.4)	3.5 (32.4)	
Median (IQR)	2.0 (1.0-4.0)	2.0 (1.0-3.0)	4.0 (2.0-6.0)	3.0 (1.0-5.0)	3.0 (1.0-4.0)	3.0 (1.0-5.0)	2.0 (1.0-4.0)	

Number of people in household
1	  7659319 (43.4)	  5400267 (47.7)	  218,217 (20.6)	  123,013 (34.6)	   66,047 (36.8)	  123,724 (36.9)	  1728051 (39.4)	
2	  6357375 (36.0)	  3941872 (34.8)	  447,830 (42.2)	  142,591 (40.1)	   73,840 (41.1)	  124,254 (37.1)	  1626988 (37.1)	
3	  1031487 (5.8)	  464,697 (4.1)	  229,930 (21.7)	   53,403 (15.0)	   19,196 (10.7)	   41,923 (12.5)	  222,338 (5.1)	
4	  171,091 (1.0)	   74,186 (0.7)	   42,840 (4.0)	    6,664 (1.9)	    3,558 (2.0)	   14,497 (4.3)	   29,346 (0.7)	
.	        0 (0.0)	        0 (0.0)	        0 (0.0)	        0 (0.0)	        0 (0.0)	        0 (0.0)	        0 (0.0)	
.	        0 (0.0)	        0 (0.0)	        0 (0.0)	        0 (0.0)	        0 (0.0)	        0 (0.0)	        0 (0.0)	
.	        0 (0.0)	        0 (0.0)	        0 (0.0)	        0 (0.0)	        0 (0.0)	        0 (0.0)	        0 (0.0)	
.	        0 (0.0)	        0 (0.0)	        0 (0.0)	        0 (0.0)	        0 (0.0)	        0 (0.0)	        0 (0.0)	
9	  2417094 (13.7)	  1442061 (12.7)	  122,519 (11.5)	   29,954 (8.4)	   16,916 (9.4)	   30,564 (9.1)	  775,080 (17.7)	
.	        0 (0.0)	        0 (0.0)	        0 (0.0)	        0 (0.0)	        0 (0.0)	        0 (0.0)	        0 (0.0)	

Number of GP consultations in the 12 months prior to baseline
Mean (SD)	5.4 (8.3)	5.9 (8.8)	5.4 (8.3)	5.0 (8.1)	4.9 (8.5)	3.5 (7.1)	4.2 (6.7)	
Median (IQR)	3.0 (0.0-7.0)	3.0 (1.0-8.0)	3.0 (0.0-7.0)	2.0 (0.0-7.0)	2.0 (0.0-6.0)	0.0 (0.0-4.0)	2.0 (0.0-6.0)	

Smoking status (missing set to non)
1	  8871939 (50.3)	  5103315 (45.1)	  779,738 (73.5)	  243,877 (68.6)	  101,962 (56.8)	  217,178 (64.8)	  2425869 (55.4)	
2	  5786490 (32.8)	  4210839 (37.2)	  165,251 (15.6)	   66,094 (18.6)	   42,043 (23.4)	   61,892 (18.5)	  1240371 (28.3)	
3	  2977937 (16.9)	  2008929 (17.7)	  116,347 (11.0)	   45,654 (12.8)	   35,552 (19.8)	   55,892 (16.7)	  715,563 (16.3)	

Body Mass Index (BMI, kg/m2)
Mean (SD)	27.4 (5.7)	27.5 (5.7)	26.6 (5.2)	28.0 (5.7)	26.8 (5.7)	25.3 (5.1)	27.7 (5.9)	
Median (IQR)	26.6 (23.4-30.5)	26.6 (23.4-30.6)	26.0 (23.0-29.4)	27.3 (24.0-31.2)	25.8 (22.7-29.8)	24.5 (21.6-28.0)	26.8 (23.4-31.0)	

BMI with SA categories
1	  303,284 (1.7)	  187,917 (1.7)	   26,872 (2.5)	    5,195 (1.5)	    3,988 (2.2)	   11,937 (3.6)	   67,375 (1.5)	
2	  4638278 (26.3)	  3332379 (29.4)	  179,506 (16.9)	   83,983 (23.6)	   56,033 (31.2)	  123,380 (36.8)	  862,997 (19.7)	
3	  4715817 (26.7)	  3316371 (29.3)	  320,085 (30.2)	  100,206 (28.2)	   44,561 (24.8)	   74,547 (22.3)	  860,047 (19.6)	
4	  2491162 (14.1)	  1690562 (14.9)	  218,363 (20.6)	   56,927 (16.0)	   21,621 (12.0)	   28,483 (8.5)	  475,206 (10.8)	
5	  967,006 (5.5)	  657,604 (5.8)	   73,427 (6.9)	   22,290 (6.3)	    8,173 (4.6)	    8,763 (2.6)	  196,749 (4.5)	
6	  485,268 (2.8)	  333,745 (2.9)	   29,618 (2.8)	   10,687 (3.0)	    4,289 (2.4)	    3,682 (1.1)	  103,247 (2.4)	
7	  4035551 (22.9)	  1804505 (15.9)	  213,465 (20.1)	   76,337 (21.5)	   40,892 (22.8)	   84,170 (25.1)	  1816182 (41.4)	

HbA1c %
Mean (SD)	5.9 (1.0)	5.9 (1.0)	6.1 (1.2)	6.0 (1.2)	5.9 (1.1)	5.8 (1.0)	5.9 (1.1)	
Median (IQR)	5.6 (5.4-6.0)	5.6 (5.4-6.0)	5.8 (5.4-6.3)	5.7 (5.4-6.2)	5.6 (5.4-6.0)	5.6 (5.4-6.0)	5.6 (5.4-6.0)	

HbA1c mmo/mol
Mean (SD)	41.0 (70.6)	40.6 (64.0)	43.8 (120.1)	42.4 (13.6)	41.1 (129.4)	40.3 (10.8)	41.2 (71.0)	
Median (IQR)	38.0 (35.0-42.0)	38.0 (35.0-42.0)	40.0 (36.0-45.0)	39.0 (36.0-44.0)	38.0 (35.0-42.0)	38.0 (35.0-42.0)	38.0 (35.0-43.0)	

HbA1c category
0	  6723724 (38.1)	  4657212 (41.1)	  429,333 (40.5)	  130,625 (36.7)	   56,569 (31.5)	   95,653 (28.6)	  1354332 (30.9)	
1	  587,869 (3.3)	  366,506 (3.2)	   65,314 (6.2)	   15,486 (4.4)	    4,645 (2.6)	    7,942 (2.4)	  127,976 (2.9)	
2	  157,883 (0.9)	   99,098 (0.9)	   17,369 (1.6)	    3,520 (1.0)	    1,181 (0.7)	    1,925 (0.6)	   34,790 (0.8)	
3	  171,259 (1.0)	  108,315 (1.0)	   18,532 (1.7)	    3,719 (1.0)	    1,296 (0.7)	    2,023 (0.6)	   37,374 (0.9)	
4	  197,751 (1.1)	  124,120 (1.1)	   21,755 (2.0)	    5,816 (1.6)	    1,794 (1.0)	    2,335 (0.7)	   41,931 (1.0)	
5	  9797880 (55.6)	  5967832 (52.7)	  509,033 (48.0)	  196,459 (55.2)	  114,072 (63.5)	  225,084 (67.2)	  2785400 (63.6)	

Systolic BP
Mean (SD)	128.0 (15.6)	128.4 (15.4)	123.9 (15.3)	127.2 (16.0)	124.0 (15.3)	122.6 (15.4)	128.8 (15.9)	
Median (IQR)	128.0 (118.0-138.0)	129.0 (119.0-138.0)	124.0 (113.0-134.0)	127.0 (117.0-137.0)	123.0 (113.0-134.0)	122.0 (111.0-132.0)	129.5 (119.0-139.0)	

Diastolic BP
Mean (SD)	76.9 (9.9)	76.9 (9.8)	76.7 (9.7)	78.2 (10.3)	76.7 (10.2)	75.9 (9.9)	76.8 (10.0)	
Median (IQR)	78.0 (70.0-82.0)	78.0 (70.0-82.0)	77.0 (70.0-82.0)	78.0 (71.0-84.0)	77.0 (70.0-83.0)	76.0 (70.0-82.0)	78.0 (70.0-82.0)	

Blood pressure four levels non-missing
1	  2586362 (14.7)	  1701209 (15.0)	  205,718 (19.4)	   55,848 (15.7)	   32,679 (18.2)	   56,936 (17.0)	  533,972 (12.2)	
2	  1784064 (10.1)	  1229954 (10.9)	   98,128 (9.2)	   32,211 (9.1)	   15,793 (8.8)	   23,525 (7.0)	  384,453 (8.8)	
3	  4235186 (24.0)	  2924521 (25.8)	  241,872 (22.8)	   82,210 (23.1)	   35,710 (19.9)	   54,247 (16.2)	  896,626 (20.5)	
4	  2924195 (16.6)	  2025615 (17.9)	  121,066 (11.4)	   54,539 (15.3)	   19,117 (10.6)	   26,729 (8.0)	  677,129 (15.5)	
5	  6106559 (34.6)	  3441784 (30.4)	  394,552 (37.2)	  130,817 (36.8)	   76,258 (42.5)	  173,525 (51.8)	  1889623 (43.1)	

Diabetes Type
0	 1.59e+07 (90.0)	 1.02e+07 (90.4)	  862,483 (81.3)	  304,138 (85.5)	  164,028 (91.4)	  307,680 (91.9)	  4012069 (91.6)	
1	   92,118 (0.5)	   64,241 (0.6)	    2,756 (0.3)	    1,471 (0.4)	      701 (0.4)	      687 (0.2)	   22,262 (0.5)	
2	  1253625 (7.1)	  784,302 (6.9)	  139,547 (13.1)	   32,936 (9.3)	   10,073 (5.6)	   16,543 (4.9)	  270,224 (6.2)	
3	  409,459 (2.3)	  243,774 (2.2)	   56,550 (5.3)	   17,080 (4.8)	    4,755 (2.6)	   10,052 (3.0)	   77,248 (1.8)	

Count of co-morbid conditions
Mean (SD)	0.6 (0.9)	0.7 (0.9)	0.4 (0.8)	0.5 (0.8)	0.4 (0.7)	0.3 (0.6)	0.6 (0.9)	
Median (IQR)	0.0 (0.0-1.0)	0.0 (0.0-1.0)	0.0 (0.0-1.0)	0.0 (0.0-1.0)	0.0 (0.0-1.0)	0.0 (0.0-0.0)	0.0 (0.0-1.0)	

Diagnosed hypertension	  3712317 (21.0)	  2534325 (22.4)	  176,815 (16.7)	   71,671 (20.2)	   21,472 (12.0)	   33,043 (9.9)	  874,991 (20.0)	


Chronic Cardiac Diseases	  1189115 (6.7)	  830,369 (7.3)	   54,074 (5.1)	   11,333 (3.2)	    4,935 (2.7)	    8,432 (2.5)	  279,972 (6.4)	


Stroke	  367,178 (2.1)	  257,332 (2.3)	   12,505 (1.2)	    4,423 (1.2)	    1,534 (0.9)	    2,256 (0.7)	   89,128 (2.0)	


CKD defined by egfr<60	  977,781 (5.5)	  676,355 (6.0)	   28,310 (2.7)	   15,538 (4.4)	    3,908 (2.2)	    4,928 (1.5)	  248,742 (5.7)	


end stage renal failure	   25,148 (0.1)	   15,100 (0.1)	    2,402 (0.2)	      876 (0.2)	      221 (0.1)	      365 (0.1)	    6,184 (0.1)	


Cancer	  980,323 (5.6)	  710,635 (6.3)	   20,207 (1.9)	    9,459 (2.7)	    3,872 (2.2)	    6,938 (2.1)	  229,212 (5.2)	


Autoimmune disease	  897,996 (5.1)	  637,052 (5.6)	   38,144 (3.6)	    7,113 (2.0)	    5,166 (2.9)	    7,781 (2.3)	  202,740 (4.6)	


Immunosuppressed (perm or temp)	   93,380 (0.5)	   56,055 (0.5)	    4,576 (0.4)	   10,194 (2.9)	    2,175 (1.2)	    1,486 (0.4)	   18,894 (0.4)	


Chronic liver disease	  106,497 (0.6)	   72,794 (0.6)	    5,838 (0.6)	    3,197 (0.9)	      954 (0.5)	    2,550 (0.8)	   21,164 (0.5)	


Dementia	   31,208 (0.2)	   21,434 (0.2)	    1,161 (0.1)	      505 (0.1)	      101 (0.1)	      184 (0.1)	    7,823 (0.2)	


Neurological disease	  168,580 (1.0)	  118,960 (1.1)	    5,801 (0.5)	    1,993 (0.6)	      907 (0.5)	    1,209 (0.4)	   39,710 (0.9)	


Asthma category	  2716494 (15.4)	  1864871 (16.5)	  129,283 (12.2)	   38,901 (10.9)	   27,188 (15.1)	   23,398 (7.0)	  632,853 (14.4)	


Chronic Respiratory Diseases	  715,390 (4.1)	  540,269 (4.8)	   17,752 (1.7)	    5,187 (1.5)	    2,449 (1.4)	    3,875 (1.2)	  145,858 (3.3)	


BP med in last 12 months	   28,752 (0.2)	   18,120 (0.2)	    2,141 (0.2)	    1,049 (0.3)	      273 (0.2)	      426 (0.1)	    6,743 (0.2)	

Statin in last 12 months	  2937973 (16.7)	  2037182 (18.0)	  175,250 (16.5)	   35,382 (9.9)	   13,294 (7.4)	   25,083 (7.5)	  651,782 (14.9)	

Insulin in last 12 months	  260,784 (1.5)	  172,364 (1.5)	   19,502 (1.8)	    5,937 (1.7)	    1,959 (1.1)	    2,411 (0.7)	   58,611 (1.3)	

Diabetes type (Exeter definition)
0	 1.63e+07 (92.4)	 1.05e+07 (92.5)	  920,454 (86.7)	  321,523 (90.4)	  168,872 (94.0)	  317,942 (94.9)	  4092356 (93.4)	
1	   83,159 (0.5)	   57,862 (0.5)	    2,629 (0.2)	    1,244 (0.3)	      645 (0.4)	      612 (0.2)	   20,167 (0.5)	
2	  1253660 (7.1)	  786,821 (6.9)	  138,253 (13.0)	   32,858 (9.2)	   10,040 (5.6)	   16,408 (4.9)	  269,280 (6.1)	

