Table 0: Outcome qui counts by ethnic group
	Total	1	2	3	4	5	6
Main population: no care homes
N	 1.76e+07 (100.0)	 1.13e+07 (100.0)	  1061336 (100.0)	  355,625 (100.0)	  179,557 (100.0)	  334,962 (100.0)	  4381803 (100.0)	

tested	  2647756 (15.0)	  1733272 (15.3)	  166,856 (15.7)	   48,068 (13.5)	   26,679 (14.9)	   32,904 (9.8)	  639,977 (14.6)	
positivetest	  506,773 (2.9)	  307,983 (2.7)	   50,858 (4.8)	   10,218 (2.9)	    5,583 (3.1)	    6,995 (2.1)	  125,136 (2.9)	
hes	   18,855 (0.1)	   12,120 (0.1)	    2,100 (0.2)	      362 (0.1)	      132 (0.1)	      222 (0.1)	    3,919 (0.1)	
onscoviddeath	    7,366 (0.0)	    4,874 (0.0)	      532 (0.1)	       75 (0.0)	       26 (0.0)	       35 (0.0)	    1,824 (0.0)	
ons_noncoviddeath	   41,801 (0.2)	   28,229 (0.2)	      973 (0.1)	      349 (0.1)	      134 (0.1)	      179 (0.1)	   11,937 (0.3)	
onsdeath	   49,167 (0.3)	   33,103 (0.3)	    1,505 (0.1)	      424 (0.1)	      160 (0.1)	      214 (0.1)	   13,761 (0.3)	
any_resp_support_flag	        0 (0.0)	        0 (0.0)	        0 (0.0)	        0 (0.0)	        0 (0.0)	        0 (0.0)	        0 (0.0)	
basic_resp_support_flag	        0 (0.0)	        0 (0.0)	        0 (0.0)	        0 (0.0)	        0 (0.0)	        0 (0.0)	        0 (0.0)	
advanced_resp_support_flag	        0 (0.0)	        0 (0.0)	        0 (0.0)	        0 (0.0)	        0 (0.0)	        0 (0.0)	        0 (0.0)	
Care home population
N	   71,890 (100.0)	   52,284 (100.0)	      648 (100.0)	      551 (100.0)	      230 (100.0)	      333 (100.0)	   17,844 (100.0)	

tested	   13,036 (18.1)	    9,589 (18.3)	      109 (16.8)	       72 (13.1)	       40 (17.4)	       53 (15.9)	    3,173 (17.8)	
positivetest	    7,756 (10.8)	    5,784 (11.1)	       57 (8.8)	       39 (7.1)	       15 (6.5)	       31 (9.3)	    1,830 (10.3)	
hes	      624 (0.9)	      462 (0.9)	        9 (1.4)	        7 (1.3)	        3 (1.3)	        2 (0.6)	      141 (0.8)	
onscoviddeath	    1,437 (2.0)	    1,071 (2.0)	       15 (2.3)	        6 (1.1)	        2 (0.9)	        5 (1.5)	      338 (1.9)	
ons_noncoviddeath	    6,217 (8.6)	    4,446 (8.5)	       29 (4.5)	       18 (3.3)	        6 (2.6)	       10 (3.0)	    1,708 (9.6)	
onsdeath	    7,654 (10.6)	    5,517 (10.6)	       44 (6.8)	       24 (4.4)	        8 (3.5)	       15 (4.5)	    2,046 (11.5)	
any_resp_support_flag	        0 (0.0)	        0 (0.0)	        0 (0.0)	        0 (0.0)	        0 (0.0)	        0 (0.0)	        0 (0.0)	
basic_resp_support_flag	        0 (0.0)	        0 (0.0)	        0 (0.0)	        0 (0.0)	        0 (0.0)	        0 (0.0)	        0 (0.0)	
advanced_resp_support_flag	        0 (0.0)	        0 (0.0)	        0 (0.0)	        0 (0.0)	        0 (0.0)	        0 (0.0)	        0 (0.0)	
