Table 2: Association between ethnicity in 5 categories and COVID-19 outcomes - No care homes
	Denominator	Event	Total person-weeks	Rate per 1,000	Crude		Age/Sex Adjusted		Age/Sex/IMD Adjusted		plus co-morbidities		plus hh size		
					HR	95% CI	HR	95% CI	HR	95% CI	HR	95% CI	HR	95% CI		
tested
White	52284	9589	   2380377	4.03	1.00		1.00		1.00		1.00		1.00
South Asian	648	109	     29684	3.67	1.06	(0.87 - 1.28)	1.03	(0.85 - 1.25)	1.00	(0.83 - 1.21)	0.99	(0.82 - 1.20)	0.99	(0.82 - 1.20)
Black	551	72	     25578	2.81	0.86	(0.68 - 1.08)	0.84	(0.67 - 1.07)	0.82	(0.65 - 1.04)	0.81	(0.64 - 1.03)	0.81	(0.64 - 1.03)
Mixed	230	40	     10537	3.80	1.12	(0.82 - 1.53)	1.10	(0.80 - 1.50)	1.08	(0.79 - 1.48)	1.06	(0.78 - 1.45)	1.06	(0.78 - 1.45)
Other	333	53	     15476	3.42	1.01	(0.77 - 1.33)	1.00	(0.76 - 1.31)	1.00	(0.76 - 1.31)	1.00	(0.76 - 1.32)	1.00	(0.76 - 1.32)
Unknown	17844	3173	    811183	3.91	1.00	(0.96 - 1.04)	1.01	(0.97 - 1.05)	1.01	(0.97 - 1.05)	1.01	(0.97 - 1.06)	1.01	(0.97 - 1.06)
positivetest
White	52284	5784	   2417561	2.39	1.00		1.00		1.00		1.00		1.00
South Asian	648	57	     30207	1.89	0.86	(0.66 - 1.11)	1.02	(0.79 - 1.33)	0.98	(0.75 - 1.28)	0.96	(0.73 - 1.25)	0.96	(0.73 - 1.25)
Black	551	39	     25893	1.51	0.73	(0.53 - 1.00)	0.85	(0.62 - 1.16)	0.83	(0.60 - 1.14)	0.82	(0.60 - 1.13)	0.82	(0.60 - 1.13)
Mixed	230	15	     10810	1.39	0.67	(0.40 - 1.12)	0.81	(0.48 - 1.34)	0.80	(0.48 - 1.34)	0.78	(0.47 - 1.30)	0.78	(0.47 - 1.30)
Other	333	31	     15680	1.98	1.02	(0.71 - 1.45)	1.17	(0.82 - 1.67)	1.16	(0.82 - 1.66)	1.16	(0.81 - 1.65)	1.16	(0.81 - 1.65)
Unknown	17844	1830	    824116	2.22	1.00	(0.95 - 1.06)	0.99	(0.94 - 1.04)	0.99	(0.94 - 1.04)	1.01	(0.96 - 1.06)	1.01	(0.96 - 1.06)
hes
White	52284	462	   2443612	0.19	1.00		1.00		1.00		1.00		1.00
South Asian	648	9	     30471	0.30	1.54	(0.79 - 2.99)	1.70	(0.87 - 3.33)	1.58	(0.80 - 3.10)	1.53	(0.78 - 3.02)	1.53	(0.78 - 3.02)
Black	551	7	     26047	0.27	1.42	(0.67 - 3.03)	1.53	(0.72 - 3.27)	1.45	(0.68 - 3.09)	1.45	(0.68 - 3.10)	1.45	(0.68 - 3.10)
Mixed	230	.	     10873	  .	1.72	(0.55 - 5.38)	1.95	(0.62 - 6.12)	1.90	(0.61 - 5.97)	1.83	(0.58 - 5.76)	1.83	(0.58 - 5.76)
Other	333	.	     15785	  .	0.88	(0.22 - 3.54)	1.07	(0.27 - 4.32)	1.04	(0.26 - 4.21)	1.00	(0.25 - 4.05)	1.00	(0.25 - 4.05)
Unknown	17844	141	    832044	0.17	1.03	(0.85 - 1.25)	1.04	(0.86 - 1.26)	1.05	(0.87 - 1.27)	1.08	(0.89 - 1.30)	1.08	(0.89 - 1.30)
onscoviddeath
White	52284	1071	   2445936	0.44	1.00		1.00		1.00		1.00		1.00
South Asian	648	15	     30542	0.49	1.22	(0.73 - 2.04)	1.94	(1.16 - 3.26)	1.82	(1.08 - 3.07)	1.81	(1.07 - 3.05)	1.81	(1.07 - 3.05)
Black	551	6	     26086	0.23	0.68	(0.30 - 1.52)	0.96	(0.43 - 2.15)	0.94	(0.42 - 2.10)	0.94	(0.42 - 2.11)	0.94	(0.42 - 2.11)
Mixed	230	.	     10894	  .	0.56	(0.14 - 2.26)	0.85	(0.21 - 3.40)	0.85	(0.21 - 3.40)	0.83	(0.21 - 3.34)	0.83	(0.21 - 3.34)
Other	333	.	     15795	  .	1.03	(0.43 - 2.48)	1.47	(0.61 - 3.54)	1.44	(0.60 - 3.47)	1.39	(0.58 - 3.36)	1.39	(0.58 - 3.36)
Unknown	17844	338	    832713	0.41	1.07	(0.94 - 1.21)	1.01	(0.89 - 1.14)	1.01	(0.90 - 1.15)	1.04	(0.92 - 1.18)	1.04	(0.92 - 1.18)
ons_noncoviddeath
White	52284	4446	   2445936	1.82	1.00		1.00		1.00		1.00		1.00
South Asian	648	29	     30542	0.95	0.57	(0.40 - 0.82)	0.92	(0.63 - 1.33)	0.91	(0.63 - 1.31)	0.89	(0.61 - 1.29)	0.89	(0.61 - 1.29)
Black	551	18	     26086	0.69	0.46	(0.29 - 0.73)	0.71	(0.45 - 1.13)	0.71	(0.44 - 1.13)	0.73	(0.46 - 1.16)	0.73	(0.46 - 1.16)
Mixed	230	6	     10894	0.55	0.34	(0.15 - 0.77)	0.57	(0.26 - 1.27)	0.57	(0.26 - 1.28)	0.61	(0.27 - 1.35)	0.61	(0.27 - 1.35)
Other	333	10	     15795	0.63	0.40	(0.21 - 0.74)	0.56	(0.30 - 1.04)	0.56	(0.30 - 1.03)	0.54	(0.29 - 1.00)	0.54	(0.29 - 1.00)
Unknown	17844	1708	    832713	2.05	1.12	(1.06 - 1.19)	1.05	(0.99 - 1.11)	1.05	(0.99 - 1.11)	1.07	(1.01 - 1.13)	1.07	(1.01 - 1.13)
onsdeath
White	52284	5517	   2445936	2.26	1.00		1.00		1.00		1.00		1.00
South Asian	648	44	     30542	1.44	0.70	(0.52 - 0.94)	1.12	(0.83 - 1.51)	1.10	(0.81 - 1.48)	1.07	(0.79 - 1.45)	1.07	(0.79 - 1.45)
Black	551	24	     26086	0.92	0.50	(0.33 - 0.75)	0.76	(0.51 - 1.14)	0.75	(0.50 - 1.13)	0.78	(0.52 - 1.16)	0.78	(0.52 - 1.16)
Mixed	230	8	     10894	0.73	0.38	(0.19 - 0.76)	0.62	(0.31 - 1.25)	0.63	(0.31 - 1.25)	0.65	(0.32 - 1.30)	0.65	(0.32 - 1.30)
Other	333	15	     15795	0.95	0.50	(0.30 - 0.83)	0.70	(0.42 - 1.16)	0.70	(0.42 - 1.16)	0.68	(0.41 - 1.13)	0.68	(0.41 - 1.13)
Unknown	17844	2046	    832713	2.46	1.11	(1.06 - 1.17)	1.04	(0.99 - 1.10)	1.05	(0.99 - 1.10)	1.07	(1.01 - 1.12)	1.07	(1.01 - 1.12)
