Table 1: Demographic and Clinical Characteristics- Care Home Population
	Total	White	South Asian	Black	Mixed	Other	Unknown

1	   71,890 (100.0)	   52,284 (100.0)	      648 (100.0)	      551 (100.0)	      230 (100.0)	      333 (100.0)	   17,844 (100.0)	

Age (years)
Mean (SD)	82.6 (13.8)	82.4 (13.6)	65.7 (20.8)	63.1 (22.5)	62.2 (23.5)	66.7 (23.9)	84.8 (12.0)	
Median (IQR)	86.0 (78.0-91.0)	86.0 (78.0-91.0)	70.0 (48.5-83.0)	65.0 (45.0-83.0)	67.0 (42.0-82.0)	74.0 (45.0-87.0)	87.0 (81.0-92.0)	

Male
0	   49,995 (69.5)	   36,202 (69.2)	      341 (52.6)	      270 (49.0)	      116 (50.4)	      208 (62.5)	   12,858 (72.1)	
1	   21,895 (30.5)	   16,082 (30.8)	      307 (47.4)	      281 (51.0)	      114 (49.6)	      125 (37.5)	    4,986 (27.9)	

Index of Multiple Deprivation (IMD)
1	   14,343 (20.0)	   10,104 (19.3)	       70 (10.8)	       26 (4.7)	       18 (7.8)	       51 (15.3)	    4,074 (22.8)	
2	   14,395 (20.0)	   10,495 (20.1)	       58 (9.0)	       47 (8.5)	       47 (20.4)	       52 (15.6)	    3,696 (20.7)	
3	   16,107 (22.4)	   11,617 (22.2)	      122 (18.8)	      177 (32.1)	       61 (26.5)	      104 (31.2)	    4,026 (22.6)	
4	   14,757 (20.5)	   10,796 (20.6)	      209 (32.3)	      128 (23.2)	       48 (20.9)	       70 (21.0)	    3,506 (19.6)	
5	   12,288 (17.1)	    9,272 (17.7)	      189 (29.2)	      173 (31.4)	       56 (24.3)	       56 (16.8)	    2,542 (14.2)	

# people in household
Mean (SD)	23.0 (39.8)	22.7 (37.9)	27.3 (66.4)	72.9 (157.2)	48.9 (120.6)	42.4 (105.8)	21.3 (27.9)	
Median (IQR)	17.0 (4.0-31.0)	17.0 (4.0-32.0)	13.0 (3.0-27.0)	18.0 (4.0-45.0)	17.0 (3.0-40.0)	17.0 (3.0-33.0)	17.0 (4.0-31.0)	

Number of people in household
.	        0 (0.0)	        0 (0.0)	        0 (0.0)	        0 (0.0)	        0 (0.0)	        0 (0.0)	        0 (0.0)	
.	        0 (0.0)	        0 (0.0)	        0 (0.0)	        0 (0.0)	        0 (0.0)	        0 (0.0)	        0 (0.0)	
.	        0 (0.0)	        0 (0.0)	        0 (0.0)	        0 (0.0)	        0 (0.0)	        0 (0.0)	        0 (0.0)	
.	        0 (0.0)	        0 (0.0)	        0 (0.0)	        0 (0.0)	        0 (0.0)	        0 (0.0)	        0 (0.0)	
5	   71,890 (100.0)	   52,284 (100.0)	      648 (100.0)	      551 (100.0)	      230 (100.0)	      333 (100.0)	   17,844 (100.0)	
.	        0 (0.0)	        0 (0.0)	        0 (0.0)	        0 (0.0)	        0 (0.0)	        0 (0.0)	        0 (0.0)	
.	        0 (0.0)	        0 (0.0)	        0 (0.0)	        0 (0.0)	        0 (0.0)	        0 (0.0)	        0 (0.0)	
.	        0 (0.0)	        0 (0.0)	        0 (0.0)	        0 (0.0)	        0 (0.0)	        0 (0.0)	        0 (0.0)	
.	        0 (0.0)	        0 (0.0)	        0 (0.0)	        0 (0.0)	        0 (0.0)	        0 (0.0)	        0 (0.0)	
.	        0 (0.0)	        0 (0.0)	        0 (0.0)	        0 (0.0)	        0 (0.0)	        0 (0.0)	        0 (0.0)	

Number of GP consultations in the 12 months prior to baseline
Mean (SD)	11.1 (14.3)	11.6 (14.7)	12.5 (18.0)	9.5 (20.3)	9.7 (13.9)	10.6 (18.2)	9.8 (12.2)	
Median (IQR)	7.0 (2.0-15.0)	7.0 (3.0-15.0)	6.0 (2.0-15.0)	5.0 (0.0-12.0)	5.0 (1.0-12.0)	4.0 (0.0-15.0)	6.0 (2.0-13.0)	

Smoking status (missing set to non)
1	   32,522 (45.2)	   22,466 (43.0)	      450 (69.4)	      299 (54.3)	      111 (48.3)	      156 (46.8)	    9,040 (50.7)	
2	   34,779 (48.4)	   26,333 (50.4)	      127 (19.6)	      156 (28.3)	       83 (36.1)	      114 (34.2)	    7,966 (44.6)	
3	    4,589 (6.4)	    3,485 (6.7)	       71 (11.0)	       96 (17.4)	       36 (15.7)	       63 (18.9)	      838 (4.7)	

Body Mass Index (BMI, kg/m2)
Mean (SD)	25.0 (5.6)	25.1 (5.6)	25.1 (5.4)	26.2 (6.2)	26.4 (5.7)	25.2 (5.7)	24.7 (5.5)	
Median (IQR)	24.2 (21.0-28.2)	24.3 (21.0-28.3)	24.6 (21.1-28.2)	25.3 (22.1-29.7)	26.1 (22.2-29.9)	24.2 (21.3-28.3)	24.0 (20.8-27.8)	

BMI with SA categories
1	    6,081 (8.5)	    4,446 (8.5)	       45 (6.9)	       42 (7.6)	       10 (4.3)	       23 (6.9)	    1,515 (8.5)	
2	   28,836 (40.1)	   21,516 (41.2)	      185 (28.5)	      194 (35.2)	       79 (34.3)	      140 (42.0)	    6,722 (37.7)	
3	   17,349 (24.1)	   12,951 (24.8)	      165 (25.5)	      134 (24.3)	       61 (26.5)	       82 (24.6)	    3,956 (22.2)	
4	    7,524 (10.5)	    5,679 (10.9)	      111 (17.1)	       66 (12.0)	       32 (13.9)	       31 (9.3)	    1,605 (9.0)	
5	    2,500 (3.5)	    1,918 (3.7)	       39 (6.0)	       30 (5.4)	       15 (6.5)	       10 (3.0)	      488 (2.7)	
6	    1,066 (1.5)	      810 (1.5)	       16 (2.5)	       20 (3.6)	        3 (1.3)	        6 (1.8)	      211 (1.2)	
7	    8,534 (11.9)	    4,964 (9.5)	       87 (13.4)	       65 (11.8)	       30 (13.0)	       41 (12.3)	    3,347 (18.8)	

HbA1c %
Mean (SD)	6.0 (1.1)	6.0 (1.1)	6.3 (1.2)	6.3 (1.3)	6.4 (1.5)	6.2 (1.3)	6.0 (1.0)	
Median (IQR)	5.8 (5.4-6.2)	5.7 (5.4-6.2)	6.0 (5.5-6.8)	6.0 (5.5-6.5)	5.9 (5.5-6.5)	5.8 (5.5-6.5)	5.8 (5.4-6.2)	

HbA1c mmo/mol
Mean (SD)	42.3 (11.5)	42.3 (11.5)	45.4 (13.4)	45.4 (13.9)	46.0 (16.0)	44.0 (14.0)	42.2 (11.2)	
Median (IQR)	39.9 (36.0-44.0)	39.0 (36.0-44.0)	42.0 (37.0-51.0)	42.0 (37.0-48.0)	41.0 (37.0-48.0)	40.0 (37.0-46.5)	39.9 (36.0-44.0)	

HbA1c category
0	   41,092 (57.2)	   30,489 (58.3)	      315 (48.6)	      245 (44.5)	       97 (42.2)	      150 (45.0)	    9,796 (54.9)	
1	    4,955 (6.9)	    3,656 (7.0)	       79 (12.2)	       55 (10.0)	       21 (9.1)	       27 (8.1)	    1,117 (6.3)	
2	    1,221 (1.7)	      920 (1.8)	       28 (4.3)	       13 (2.4)	        6 (2.6)	        9 (2.7)	      245 (1.4)	
3	    1,355 (1.9)	      988 (1.9)	       23 (3.5)	       17 (3.1)	        4 (1.7)	        4 (1.2)	      319 (1.8)	
4	    1,431 (2.0)	    1,038 (2.0)	       23 (3.5)	       16 (2.9)	        9 (3.9)	       10 (3.0)	      335 (1.9)	
5	   21,836 (30.4)	   15,193 (29.1)	      180 (27.8)	      205 (37.2)	       93 (40.4)	      133 (39.9)	    6,032 (33.8)	

Systolic BP
Mean (SD)	127.4 (18.3)	127.4 (18.2)	125.4 (16.9)	127.9 (17.8)	125.8 (16.3)	125.4 (17.4)	127.5 (18.7)	
Median (IQR)	127.0 (115.0-139.0)	127.0 (115.0-139.0)	125.0 (112.0-136.0)	128.0 (117.0-138.5)	126.0 (114.0-137.0)	125.0 (113.0-135.5)	128.0 (115.0-140.0)	

Diastolic BP
Mean (SD)	72.8 (11.2)	72.8 (11.2)	74.1 (10.8)	75.4 (11.1)	74.9 (10.6)	73.4 (11.7)	72.7 (11.3)	
Median (IQR)	72.0 (65.0-80.0)	72.0 (65.0-80.0)	75.0 (67.0-81.0)	76.0 (68.0-81.0)	75.0 (69.0-81.0)	73.0 (67.0-80.0)	72.0 (65.0-80.0)	

Blood pressure four levels non-missing
1	   19,450 (27.1)	   14,154 (27.1)	      178 (27.5)	      118 (21.4)	       65 (28.3)	       85 (25.5)	    4,850 (27.2)	
2	   11,707 (16.3)	    8,608 (16.5)	       84 (13.0)	       76 (13.8)	       29 (12.6)	       51 (15.3)	    2,859 (16.0)	
3	   18,849 (26.2)	   13,834 (26.5)	      189 (29.2)	      136 (24.7)	       60 (26.1)	       70 (21.0)	    4,560 (25.6)	
4	   18,036 (25.1)	   13,075 (25.0)	      114 (17.6)	      122 (22.1)	       47 (20.4)	       62 (18.6)	    4,616 (25.9)	
5	    3,848 (5.4)	    2,613 (5.0)	       83 (12.8)	       99 (18.0)	       29 (12.6)	       65 (19.5)	      959 (5.4)	

Diabetes Type
0	   54,939 (76.4)	   39,724 (76.0)	      383 (59.1)	      346 (62.8)	      162 (70.4)	      248 (74.5)	   14,076 (78.9)	
1	      432 (0.6)	      327 (0.6)	        2 (0.3)	        6 (1.1)	        1 (0.4)	        3 (0.9)	       93 (0.5)	
2	   13,496 (18.8)	    9,972 (19.1)	      227 (35.0)	      170 (30.9)	       57 (24.8)	       63 (18.9)	    3,007 (16.9)	
3	    3,023 (4.2)	    2,261 (4.3)	       36 (5.6)	       29 (5.3)	       10 (4.3)	       19 (5.7)	      668 (3.7)	

Count of co-morbid conditions
Mean (SD)	1.8 (1.3)	1.8 (1.3)	1.3 (1.3)	1.3 (1.3)	1.3 (1.3)	1.2 (1.3)	1.7 (1.2)	
Median (IQR)	2.0 (1.0-3.0)	2.0 (1.0-3.0)	1.0 (0.0-2.0)	1.0 (0.0-2.0)	1.0 (0.0-2.0)	1.0 (0.0-2.0)	2.0 (1.0-3.0)	

Diagnosed hypertension	   43,674 (60.8)	   32,232 (61.6)	      290 (44.8)	      266 (48.3)	       89 (38.7)	      148 (44.4)	   10,649 (59.7)	


Chronic Cardiac Diseases	   20,101 (28.0)	   14,930 (28.6)	      127 (19.6)	       88 (16.0)	       43 (18.7)	       64 (19.2)	    4,849 (27.2)	


Stroke	   15,043 (20.9)	   11,126 (21.3)	      103 (15.9)	       97 (17.6)	       41 (17.8)	       53 (15.9)	    3,623 (20.3)	


CKD defined by egfr<60	   26,404 (36.7)	   19,200 (36.7)	      148 (22.8)	      109 (19.8)	       44 (19.1)	       65 (19.5)	    6,838 (38.3)	


end stage renal failure	      124 (0.2)	       91 (0.2)	        2 (0.3)	        3 (0.5)	        0 (0.0)	        0 (0.0)	       28 (0.2)	


Cancer	   10,560 (14.7)	    7,772 (14.9)	       38 (5.9)	       43 (7.8)	       18 (7.8)	       29 (8.7)	    2,660 (14.9)	


Autoimmune disease	    5,076 (7.1)	    3,784 (7.2)	       31 (4.8)	       23 (4.2)	        3 (1.3)	       19 (5.7)	    1,216 (6.8)	


Immunosuppressed (perm or temp)	      275 (0.4)	      202 (0.4)	        5 (0.8)	       13 (2.4)	        2 (0.9)	        0 (0.0)	       53 (0.3)	


Chronic liver disease	      873 (1.2)	      657 (1.3)	       10 (1.5)	       16 (2.9)	        3 (1.3)	        3 (0.9)	      184 (1.0)	


Dementia	    9,447 (13.1)	    6,961 (13.3)	       48 (7.4)	       51 (9.3)	       19 (8.3)	       25 (7.5)	    2,343 (13.1)	


Neurological disease	    6,236 (8.7)	    4,636 (8.9)	       62 (9.6)	       40 (7.3)	       30 (13.0)	       14 (4.2)	    1,454 (8.1)	


Asthma category	    7,710 (10.7)	    5,796 (11.1)	       90 (13.9)	       51 (9.3)	       32 (13.9)	       28 (8.4)	    1,713 (9.6)	


Chronic Respiratory Diseases	    9,216 (12.8)	    7,010 (13.4)	       56 (8.6)	       31 (5.6)	       21 (9.1)	       30 (9.0)	    2,068 (11.6)	


BP med in last 12 months	       70 (0.1)	       48 (0.1)	        2 (0.3)	        0 (0.0)	        0 (0.0)	        2 (0.6)	       18 (0.1)	

Statin in last 12 months	   22,763 (31.7)	   17,080 (32.7)	      240 (37.0)	      164 (29.8)	       59 (25.7)	       96 (28.8)	    5,124 (28.7)	

Insulin in last 12 months	    2,772 (3.9)	    2,034 (3.9)	       52 (8.0)	       40 (7.3)	       15 (6.5)	       16 (4.8)	      615 (3.4)	

Diabetes type (Exeter definition)
0	   58,029 (80.7)	   42,007 (80.3)	      421 (65.0)	      380 (69.0)	      174 (75.7)	      268 (80.5)	   14,779 (82.8)	
1	      287 (0.4)	      215 (0.4)	        1 (0.2)	        3 (0.5)	        1 (0.4)	        2 (0.6)	       65 (0.4)	
2	   13,574 (18.9)	   10,062 (19.2)	      226 (34.9)	      168 (30.5)	       55 (23.9)	       63 (18.9)	    3,000 (16.8)	

