Table 2: Association between ethnicity in 5 categories and COVID-19 outcomes - No care homes
	Denominator	Event	Total person-weeks	Rate per 1,000	Crude		Age/Sex Adjusted		Age/Sex/IMD Adjusted		plus co-morbidities		plus hh size		
					HR	95% CI	HR	95% CI	HR	95% CI	HR	95% CI	HR	95% CI		
tested
White	11323083	1733272	 526331502	3.29	1.00		1.00		1.00		1.00		1.00
South Asian	1061336	166856	  49286775	3.39	1.03	(1.02 - 1.03)	0.96	(0.95 - 0.96)	0.97	(0.96 - 0.97)	0.96	(0.95 - 0.96)	0.96	(0.95 - 0.96)
Black	355625	48068	  16597445	2.90	0.86	(0.85 - 0.87)	0.81	(0.80 - 0.81)	0.82	(0.81 - 0.83)	0.83	(0.82 - 0.84)	0.83	(0.82 - 0.84)
Mixed	179557	26679	   8356289	3.19	0.98	(0.96 - 0.99)	0.87	(0.86 - 0.88)	0.88	(0.87 - 0.89)	0.89	(0.88 - 0.90)	0.90	(0.88 - 0.91)
Other	334962	32904	  15718775	2.09	0.64	(0.64 - 0.65)	0.58	(0.58 - 0.59)	0.58	(0.58 - 0.59)	0.64	(0.63 - 0.64)	0.64	(0.64 - 0.65)
Unknown	4381803	639977	 203902354	3.14	0.95	(0.94 - 0.95)	0.92	(0.92 - 0.92)	0.92	(0.92 - 0.92)	0.99	(0.99 - 1.00)	0.99	(0.99 - 0.99)
positivetest
White	11323083	307983	 538135223	0.57	1.00		1.00		1.00		1.00		1.00
South Asian	1061336	50858	  50297467	1.01	1.67	(1.66 - 1.69)	1.51	(1.50 - 1.53)	1.51	(1.49 - 1.52)	1.38	(1.36 - 1.39)	1.32	(1.31 - 1.33)
Black	355625	10218	  16909992	0.60	1.01	(0.99 - 1.03)	0.92	(0.90 - 0.94)	0.91	(0.90 - 0.93)	0.86	(0.85 - 0.88)	0.85	(0.84 - 0.87)
Mixed	179557	5583	   8533228	0.65	1.15	(1.12 - 1.18)	0.99	(0.96 - 1.01)	0.98	(0.96 - 1.01)	0.98	(0.96 - 1.01)	0.98	(0.95 - 1.01)
Other	334962	6995	  15941497	0.44	0.79	(0.77 - 0.80)	0.68	(0.67 - 0.70)	0.68	(0.67 - 0.70)	0.72	(0.70 - 0.73)	0.72	(0.70 - 0.73)
Unknown	4381803	125136	 208175579	0.60	1.06	(1.05 - 1.07)	1.01	(1.00 - 1.01)	1.01	(1.00 - 1.02)	1.05	(1.05 - 1.06)	1.04	(1.03 - 1.05)
hes
White	11323083	12120	 539885861	0.02	1.00		1.00		1.00		1.00		1.00
South Asian	1061336	2100	  50610185	0.04	1.71	(1.62 - 1.79)	2.73	(2.60 - 2.87)	2.35	(2.24 - 2.47)	2.05	(1.95 - 2.16)	1.89	(1.79 - 2.00)
Black	355625	362	  16961347	0.02	1.00	(0.90 - 1.11)	1.55	(1.39 - 1.73)	1.28	(1.15 - 1.43)	1.27	(1.14 - 1.41)	1.23	(1.11 - 1.37)
Mixed	179557	132	   8564732	0.02	0.75	(0.63 - 0.89)	1.47	(1.23 - 1.74)	1.33	(1.12 - 1.58)	1.36	(1.14 - 1.62)	1.33	(1.12 - 1.58)
Other	334962	222	  15978600	0.01	0.69	(0.60 - 0.79)	1.28	(1.12 - 1.46)	1.18	(1.03 - 1.35)	1.37	(1.20 - 1.57)	1.32	(1.16 - 1.51)
Unknown	4381803	3919	 208921344	0.02	0.87	(0.84 - 0.91)	0.96	(0.93 - 1.00)	0.97	(0.93 - 1.00)	1.07	(1.04 - 1.12)	1.07	(1.03 - 1.11)
onscoviddeath
White	11323083	4874	 539978825	0.01	1.00		1.00		1.00		1.00		1.00
South Asian	1061336	532	  50628142	0.01	1.17	(1.07 - 1.28)	2.80	(2.55 - 3.08)	2.35	(2.14 - 2.59)	2.19	(1.98 - 2.41)	1.87	(1.68 - 2.07)
Black	355625	75	  16964598	0.00	0.52	(0.42 - 0.66)	1.17	(0.93 - 1.47)	0.94	(0.75 - 1.19)	0.94	(0.74 - 1.18)	0.92	(0.73 - 1.16)
Mixed	179557	26	   8565915	0.00	0.38	(0.26 - 0.55)	1.41	(0.96 - 2.07)	1.25	(0.85 - 1.84)	1.28	(0.87 - 1.88)	1.24	(0.85 - 1.83)
Other	334962	35	  15980554	0.00	0.28	(0.20 - 0.40)	0.93	(0.66 - 1.29)	0.84	(0.60 - 1.18)	0.96	(0.69 - 1.34)	0.92	(0.66 - 1.29)
Unknown	4381803	1824	 208951131	0.01	1.00	(0.94 - 1.05)	1.06	(1.00 - 1.12)	1.07	(1.01 - 1.13)	1.16	(1.10 - 1.23)	1.17	(1.11 - 1.24)
ons_noncoviddeath
White	11323083	28229	 539978825	0.05	1.00		1.00		1.00		1.00		1.00
South Asian	1061336	973	  50628142	0.02	0.41	(0.38 - 0.43)	0.86	(0.81 - 0.92)	0.78	(0.73 - 0.84)	0.92	(0.86 - 0.99)	0.88	(0.82 - 0.94)
Black	355625	349	  16964598	0.02	0.44	(0.40 - 0.49)	0.90	(0.81 - 1.00)	0.79	(0.71 - 0.88)	0.86	(0.77 - 0.96)	0.85	(0.77 - 0.95)
Mixed	179557	134	   8565915	0.02	0.33	(0.28 - 0.39)	1.03	(0.87 - 1.22)	0.96	(0.81 - 1.14)	1.04	(0.88 - 1.23)	1.03	(0.87 - 1.23)
Other	334962	179	  15980554	0.01	0.24	(0.21 - 0.28)	0.69	(0.59 - 0.79)	0.65	(0.56 - 0.76)	0.73	(0.63 - 0.85)	0.72	(0.62 - 0.84)
Unknown	4381803	11937	 208951131	0.06	1.09	(1.07 - 1.11)	1.10	(1.08 - 1.13)	1.11	(1.08 - 1.13)	1.19	(1.16 - 1.21)	1.19	(1.17 - 1.22)
onsdeath
White	11323083	33103	 539978825	0.06	1.00		1.00		1.00		1.00		1.00
South Asian	1061336	1505	  50628142	0.03	0.53	(0.50 - 0.56)	1.15	(1.09 - 1.21)	1.03	(0.97 - 1.09)	1.17	(1.10 - 1.23)	1.09	(1.03 - 1.15)
Black	355625	424	  16964598	0.02	0.46	(0.41 - 0.50)	0.94	(0.85 - 1.04)	0.82	(0.74 - 0.90)	0.87	(0.79 - 0.96)	0.87	(0.78 - 0.95)
Mixed	179557	160	   8565915	0.02	0.33	(0.29 - 0.39)	1.08	(0.93 - 1.26)	1.00	(0.86 - 1.17)	1.08	(0.92 - 1.26)	1.07	(0.91 - 1.25)
Other	334962	214	  15980554	0.01	0.25	(0.22 - 0.28)	0.72	(0.63 - 0.83)	0.68	(0.60 - 0.78)	0.76	(0.67 - 0.88)	0.75	(0.66 - 0.86)
Unknown	4381803	13761	 208951131	0.07	1.08	(1.06 - 1.10)	1.10	(1.07 - 1.12)	1.10	(1.08 - 1.12)	1.18	(1.16 - 1.21)	1.19	(1.16 - 1.21)
