Table 2: Association between ethnicity in 16 categories and COVID-19 outcomes - No care homes
	Denominator	Event	Total person-weeks	Rate per 1,000	Crude		Age/Sex Adjusted		Age/Sex/IMD Adjusted		plus co-morbidities		plus hh siz		
					HR	95% CI	HR	95% CI	HR	95% CI	HR	95% CI	HR	95% CI		
tested
British	9845315	1567742	 457112649	3.43	1.00		1.00		1.00		1.00		1.00
Irish	81185	11763	   3779991	3.11	0.90	(0.88 - 0.92)	0.92	(0.90 - 0.93)	0.92	(0.90 - 0.94)	0.94	(0.92 - 0.95)	0.94	(0.92 - 0.96)
Other White	1396583	153767	  65438862	2.35	0.68	(0.68 - 0.68)	0.61	(0.61 - 0.61)	0.61	(0.61 - 0.62)	0.67	(0.66 - 0.67)	0.67	(0.66 - 0.67)
White + Caribbean	41228	6868	   8356289	0.82	1.03	(1.00 - 1.05)	0.90	(0.87 - 0.92)	0.90	(0.88 - 0.92)	0.90	(0.88 - 0.92)	0.90	(0.88 - 0.92)
White + African	34991	5134	   8356289	0.61	0.89	(0.87 - 0.92)	0.79	(0.77 - 0.81)	0.80	(0.78 - 0.82)	0.83	(0.81 - 0.86)	0.83	(0.81 - 0.86)
White + Asian	36257	5548	   8356289	0.66	0.97	(0.94 - 0.99)	0.84	(0.81 - 0.86)	0.84	(0.82 - 0.86)	0.87	(0.85 - 0.89)	0.87	(0.85 - 0.90)
Other mixed	67081	9129	   8356289	1.09	0.85	(0.83 - 0.87)	0.74	(0.72 - 0.75)	0.74	(0.73 - 0.76)	0.78	(0.76 - 0.79)	0.78	(0.76 - 0.80)
Indian	447812	66056	  20841605	3.17	0.92	(0.91 - 0.93)	0.86	(0.86 - 0.87)	0.87	(0.86 - 0.87)	0.88	(0.87 - 0.89)	0.88	(0.87 - 0.88)
Pakistani	309214	58882	  14248150	4.13	1.16	(1.15 - 1.17)	1.03	(1.02 - 1.04)	1.04	(1.03 - 1.05)	1.02	(1.01 - 1.03)	1.02	(1.02 - 1.03)
Bangladeshi	73154	11396	   3403180	3.35	0.93	(0.91 - 0.95)	0.82	(0.80 - 0.83)	0.82	(0.81 - 0.84)	0.81	(0.79 - 0.82)	0.81	(0.79 - 0.82)
Other Asian	231156	30522	  10793840	2.83	0.82	(0.81 - 0.83)	0.74	(0.73 - 0.75)	0.74	(0.74 - 0.75)	0.77	(0.76 - 0.78)	0.77	(0.76 - 0.77)
Caribbean	84219	10749	   3934255	2.73	0.76	(0.75 - 0.78)	0.76	(0.74 - 0.77)	0.76	(0.75 - 0.78)	0.76	(0.75 - 0.78)	0.76	(0.75 - 0.78)
African	199012	27417	   9284706	2.95	0.83	(0.82 - 0.84)	0.74	(0.73 - 0.75)	0.75	(0.74 - 0.76)	0.78	(0.77 - 0.79)	0.78	(0.77 - 0.79)
Other Black	72394	9902	   3378485	2.93	0.82	(0.80 - 0.84)	0.74	(0.73 - 0.76)	0.75	(0.73 - 0.76)	0.76	(0.75 - 0.78)	0.77	(0.75 - 0.78)
Chinese	105658	6444	   4985862	1.29	0.37	(0.36 - 0.38)	0.32	(0.31 - 0.32)	0.32	(0.31 - 0.32)	0.37	(0.37 - 0.38)	0.38	(0.38 - 0.39)
Other	229304	26460	  10732913	2.47	0.72	(0.71 - 0.72)	0.64	(0.63 - 0.65)	0.64	(0.64 - 0.65)	0.68	(0.68 - 0.69)	0.69	(0.68 - 0.70)
Unknown	4381803	639977	 203902354	3.14	0.91	(0.90 - 0.91)	0.87	(0.87 - 0.87)	0.87	(0.87 - 0.87)	0.95	(0.95 - 0.95)	0.94	(0.94 - 0.95)
positivetest
British	9845315	275080	 467821239	0.59	1.00		1.00		1.00		1.00		1.00
Irish	81185	1772	   3861211	0.46	0.80	(0.76 - 0.83)	0.83	(0.79 - 0.87)	0.83	(0.79 - 0.87)	0.85	(0.81 - 0.89)	0.85	(0.81 - 0.89)
Other White	1396583	31131	  66452750	0.47	0.83	(0.82 - 0.84)	0.73	(0.72 - 0.74)	0.72	(0.72 - 0.73)	0.79	(0.78 - 0.79)	0.78	(0.77 - 0.79)
White + Caribbean	41228	1414	   8533228	0.17	1.17	(1.11 - 1.24)	0.98	(0.93 - 1.03)	0.98	(0.93 - 1.03)	0.98	(0.93 - 1.04)	0.99	(0.94 - 1.04)
White + African	34991	1110	   8533228	0.13	1.12	(1.06 - 1.19)	0.96	(0.90 - 1.01)	0.95	(0.90 - 1.01)	0.93	(0.88 - 0.99)	0.92	(0.87 - 0.98)
White + Asian	36257	1213	   8533228	0.14	1.22	(1.15 - 1.29)	1.01	(0.96 - 1.07)	1.01	(0.96 - 1.07)	1.02	(0.97 - 1.08)	1.02	(0.96 - 1.08)
Other mixed	67081	1846	   8533228	0.22	1.02	(0.97 - 1.07)	0.85	(0.81 - 0.89)	0.85	(0.81 - 0.88)	0.87	(0.83 - 0.91)	0.87	(0.83 - 0.91)
Indian	447812	18670	  21246302	0.88	1.45	(1.43 - 1.47)	1.32	(1.30 - 1.34)	1.32	(1.30 - 1.34)	1.23	(1.21 - 1.25)	1.18	(1.16 - 1.20)
Pakistani	309214	19779	  14604215	1.35	1.99	(1.96 - 2.02)	1.71	(1.69 - 1.74)	1.70	(1.68 - 1.73)	1.54	(1.52 - 1.56)	1.46	(1.44 - 1.48)
Bangladeshi	73154	3935	   3467028	1.13	1.84	(1.78 - 1.89)	1.55	(1.50 - 1.60)	1.54	(1.49 - 1.59)	1.41	(1.36 - 1.45)	1.34	(1.29 - 1.38)
Other Asian	231156	8474	  10979926	0.77	1.33	(1.30 - 1.36)	1.16	(1.14 - 1.19)	1.16	(1.13 - 1.18)	1.11	(1.08 - 1.13)	1.07	(1.05 - 1.10)
Caribbean	84219	2146	   4005365	0.54	0.85	(0.82 - 0.89)	0.84	(0.80 - 0.88)	0.83	(0.80 - 0.87)	0.81	(0.78 - 0.85)	0.81	(0.78 - 0.85)
African	199012	5920	   9462629	0.63	1.01	(0.99 - 1.04)	0.87	(0.85 - 0.90)	0.87	(0.84 - 0.89)	0.83	(0.81 - 0.85)	0.81	(0.79 - 0.83)
Other Black	72394	2152	   3441997	0.63	1.01	(0.97 - 1.06)	0.88	(0.85 - 0.92)	0.88	(0.84 - 0.92)	0.85	(0.81 - 0.89)	0.84	(0.80 - 0.88)
Chinese	105658	781	   5036675	0.16	0.27	(0.25 - 0.29)	0.22	(0.21 - 0.24)	0.22	(0.21 - 0.24)	0.25	(0.23 - 0.27)	0.26	(0.24 - 0.27)
Other	229304	6214	  10904822	0.57	0.98	(0.96 - 1.01)	0.85	(0.83 - 0.87)	0.84	(0.82 - 0.86)	0.87	(0.85 - 0.90)	0.86	(0.84 - 0.88)
Unknown	4381803	125136	 208175579	0.60	1.04	(1.03 - 1.04)	0.97	(0.96 - 0.98)	0.97	(0.96 - 0.98)	1.02	(1.02 - 1.03)	1.01	(1.00 - 1.02)
hes
British	9845315	11209	 469400247	0.02	1.00		1.00		1.00		1.00		1.00
Irish	81185	92	   3870044	0.02	1.19	(0.97 - 1.47)	1.02	(0.83 - 1.25)	0.96	(0.78 - 1.17)	0.94	(0.77 - 1.16)	0.94	(0.77 - 1.16)
Other White	1396583	819	  66615538	0.01	0.61	(0.57 - 0.65)	0.97	(0.91 - 1.05)	0.91	(0.84 - 0.97)	1.03	(0.95 - 1.10)	1.01	(0.94 - 1.09)
White + Caribbean	41228	39	   8564732	0.00	0.81	(0.59 - 1.12)	1.50	(1.09 - 2.05)	1.30	(0.95 - 1.78)	1.27	(0.93 - 1.75)	1.27	(0.92 - 1.74)
White + African	34991	21	   8564732	0.00	0.59	(0.39 - 0.91)	1.23	(0.80 - 1.89)	1.07	(0.70 - 1.64)	1.14	(0.74 - 1.75)	1.10	(0.72 - 1.69)
White + Asian	36257	34	   8564732	0.00	0.90	(0.64 - 1.26)	1.93	(1.38 - 2.71)	1.84	(1.31 - 2.57)	1.94	(1.38 - 2.71)	1.88	(1.34 - 2.64)
Other mixed	67081	38	   8564732	0.00	0.60	(0.43 - 0.82)	1.28	(0.93 - 1.76)	1.17	(0.85 - 1.61)	1.26	(0.91 - 1.73)	1.23	(0.89 - 1.69)
Indian	447812	665	  21355833	0.03	1.31	(1.21 - 1.42)	1.94	(1.79 - 2.11)	1.76	(1.62 - 1.91)	1.66	(1.52 - 1.80)	1.57	(1.44 - 1.71)
Pakistani	309214	992	  14740527	0.07	2.05	(1.92 - 2.19)	3.65	(3.41 - 3.91)	2.91	(2.72 - 3.12)	2.36	(2.20 - 2.53)	2.13	(1.98 - 2.30)
Bangladeshi	73154	151	   3488384	0.04	1.83	(1.56 - 2.15)	3.72	(3.16 - 4.37)	2.96	(2.52 - 3.49)	2.55	(2.17 - 3.00)	2.31	(1.96 - 2.72)
Other Asian	231156	292	  11025442	0.03	1.29	(1.14 - 1.45)	2.37	(2.11 - 2.67)	2.12	(1.88 - 2.38)	2.06	(1.83 - 2.32)	1.94	(1.72 - 2.19)
Caribbean	84219	117	   4015557	0.03	1.20	(1.00 - 1.44)	1.22	(1.02 - 1.47)	1.01	(0.84 - 1.22)	0.98	(0.82 - 1.18)	0.98	(0.81 - 1.17)
African	199012	177	   9492836	0.02	0.85	(0.73 - 0.98)	1.79	(1.54 - 2.08)	1.46	(1.26 - 1.70)	1.51	(1.30 - 1.76)	1.44	(1.24 - 1.68)
Other Black	72394	68	   3452954	0.02	0.89	(0.70 - 1.13)	1.63	(1.28 - 2.07)	1.37	(1.08 - 1.74)	1.38	(1.09 - 1.75)	1.34	(1.05 - 1.70)
Chinese	105658	20	   5040711	0.00	0.19	(0.12 - 0.29)	0.39	(0.25 - 0.61)	0.39	(0.25 - 0.60)	0.54	(0.35 - 0.84)	0.53	(0.34 - 0.82)
Other	229304	202	  10937888	0.02	0.86	(0.75 - 0.99)	1.62	(1.41 - 1.87)	1.44	(1.25 - 1.66)	1.61	(1.40 - 1.86)	1.56	(1.35 - 1.79)
Unknown	4381803	3919	 208921344	0.02	0.84	(0.81 - 0.87)	0.96	(0.93 - 1.00)	0.96	(0.93 - 1.00)	1.08	(1.04 - 1.12)	1.07	(1.03 - 1.11)
onscoviddeath
British	9845315	4599	 469486043	0.01	1.00		1.00		1.00		1.00		1.00
Irish	81185	32	   3870737	0.01	1.01	(0.71 - 1.43)	0.77	(0.54 - 1.09)	0.71	(0.50 - 1.01)	0.69	(0.49 - 0.98)	0.69	(0.49 - 0.98)
Other White	1396583	243	  66622048	0.00	0.43	(0.38 - 0.49)	0.97	(0.85 - 1.10)	0.92	(0.81 - 1.05)	0.97	(0.85 - 1.11)	0.96	(0.84 - 1.09)
White + Caribbean	41228	7	   8565915	0.00	0.36	(0.17 - 0.76)	1.03	(0.49 - 2.17)	0.87	(0.41 - 1.82)	0.80	(0.38 - 1.69)	0.80	(0.38 - 1.69)
White + African	34991	6	   8565915	0.00	0.41	(0.18 - 0.91)	1.99	(0.89 - 4.44)	1.73	(0.78 - 3.86)	2.04	(0.91 - 4.54)	1.93	(0.86 - 4.30)
White + Asian	36257	.	   8565915	  .	0.33	(0.14 - 0.80)	1.53	(0.63 - 3.67)	1.46	(0.61 - 3.52)	1.59	(0.66 - 3.83)	1.51	(0.63 - 3.64)
Other mixed	67081	8	   8565915	0.00	0.31	(0.16 - 0.62)	1.41	(0.70 - 2.82)	1.28	(0.64 - 2.57)	1.38	(0.69 - 2.77)	1.35	(0.67 - 2.70)
Indian	447812	205	  21361291	0.01	1.08	(0.93 - 1.24)	2.19	(1.89 - 2.54)	1.96	(1.69 - 2.27)	2.01	(1.73 - 2.33)	1.84	(1.58 - 2.15)
Pakistani	309214	240	  14749106	0.02	1.35	(1.18 - 1.54)	3.77	(3.30 - 4.31)	2.88	(2.51 - 3.29)	2.42	(2.11 - 2.78)	1.94	(1.67 - 2.24)
Bangladeshi	73154	39	   3489697	0.01	1.16	(0.85 - 1.60)	4.57	(3.33 - 6.28)	3.48	(2.53 - 4.78)	2.84	(2.07 - 3.91)	2.26	(1.64 - 3.13)
Other Asian	231156	48	  11028048	0.00	0.54	(0.40 - 0.72)	1.76	(1.32 - 2.34)	1.55	(1.16 - 2.07)	1.58	(1.18 - 2.11)	1.41	(1.05 - 1.88)
Caribbean	84219	44	   4016488	0.01	1.12	(0.83 - 1.51)	1.10	(0.82 - 1.49)	0.89	(0.66 - 1.20)	0.85	(0.63 - 1.14)	0.85	(0.63 - 1.15)
African	199012	19	   9494585	0.00	0.22	(0.14 - 0.35)	1.16	(0.74 - 1.83)	0.93	(0.59 - 1.47)	1.03	(0.65 - 1.62)	0.95	(0.61 - 1.50)
Other Black	72394	12	   3453524	0.00	0.38	(0.22 - 0.67)	1.31	(0.74 - 2.31)	1.08	(0.61 - 1.91)	1.12	(0.64 - 1.98)	1.08	(0.61 - 1.90)
Chinese	105658	6	   5040894	0.00	0.14	(0.06 - 0.32)	0.54	(0.24 - 1.20)	0.52	(0.23 - 1.16)	0.72	(0.32 - 1.59)	0.70	(0.31 - 1.55)
Other	229304	29	  10939661	0.00	0.31	(0.22 - 0.45)	1.06	(0.73 - 1.53)	0.94	(0.65 - 1.36)	1.02	(0.70 - 1.47)	0.97	(0.67 - 1.40)
Unknown	4381803	1824	 208951131	0.01	0.94	(0.89 - 0.99)	1.05	(1.00 - 1.11)	1.06	(1.00 - 1.12)	1.16	(1.10 - 1.23)	1.16	(1.10 - 1.23)
ons_noncoviddeath
British	9845315	26499	 469486043	0.06	1.00		1.00		1.00		1.00		1.00
Irish	81185	289	   3870737	0.07	1.45	(1.29 - 1.63)	1.18	(1.05 - 1.33)	1.13	(1.00 - 1.26)	1.05	(0.94 - 1.18)	1.05	(0.93 - 1.18)
Other White	1396583	1441	  66622048	0.02	0.41	(0.39 - 0.44)	0.90	(0.86 - 0.95)	0.87	(0.83 - 0.92)	0.91	(0.86 - 0.96)	0.91	(0.86 - 0.96)
White + Caribbean	41228	47	   8565915	0.01	0.45	(0.34 - 0.60)	1.15	(0.86 - 1.53)	1.04	(0.78 - 1.38)	1.07	(0.80 - 1.42)	1.07	(0.80 - 1.42)
White + African	34991	21	   8565915	0.00	0.24	(0.16 - 0.37)	0.93	(0.61 - 1.43)	0.85	(0.56 - 1.31)	1.05	(0.68 - 1.60)	1.03	(0.67 - 1.57)
White + Asian	36257	23	   8565915	0.00	0.25	(0.17 - 0.38)	0.95	(0.63 - 1.43)	0.93	(0.61 - 1.39)	0.98	(0.65 - 1.47)	0.97	(0.64 - 1.46)
Other mixed	67081	43	   8565915	0.01	0.26	(0.20 - 0.36)	0.98	(0.72 - 1.32)	0.93	(0.69 - 1.25)	1.02	(0.75 - 1.37)	1.01	(0.75 - 1.36)
Indian	447812	488	  21361291	0.02	0.44	(0.41 - 0.49)	0.84	(0.77 - 0.92)	0.79	(0.72 - 0.86)	0.97	(0.88 - 1.06)	0.94	(0.86 - 1.03)
Pakistani	309214	314	  14749106	0.02	0.40	(0.35 - 0.44)	1.03	(0.92 - 1.15)	0.87	(0.78 - 0.98)	0.96	(0.86 - 1.08)	0.88	(0.79 - 0.99)
Bangladeshi	73154	53	   3489697	0.02	0.29	(0.22 - 0.38)	1.00	(0.76 - 1.31)	0.85	(0.65 - 1.11)	0.85	(0.65 - 1.12)	0.79	(0.60 - 1.04)
Other Asian	231156	118	  11028048	0.01	0.22	(0.18 - 0.26)	0.59	(0.49 - 0.71)	0.55	(0.46 - 0.67)	0.68	(0.57 - 0.82)	0.66	(0.55 - 0.79)
Caribbean	84219	185	   4016488	0.05	0.90	(0.78 - 1.04)	0.89	(0.77 - 1.03)	0.78	(0.67 - 0.90)	0.80	(0.69 - 0.92)	0.80	(0.69 - 0.93)
African	199012	103	   9494585	0.01	0.21	(0.18 - 0.26)	0.83	(0.68 - 1.01)	0.73	(0.60 - 0.89)	0.90	(0.74 - 1.09)	0.88	(0.72 - 1.07)
Other Black	72394	61	   3453524	0.02	0.34	(0.27 - 0.44)	1.02	(0.79 - 1.31)	0.91	(0.71 - 1.17)	0.96	(0.75 - 1.24)	0.95	(0.74 - 1.22)
Chinese	105658	46	   5040894	0.01	0.18	(0.13 - 0.23)	0.62	(0.46 - 0.83)	0.61	(0.45 - 0.81)	0.74	(0.56 - 0.99)	0.74	(0.55 - 0.99)
Other	229304	133	  10939661	0.01	0.24	(0.20 - 0.28)	0.70	(0.59 - 0.83)	0.66	(0.55 - 0.78)	0.72	(0.60 - 0.85)	0.71	(0.60 - 0.84)
Unknown	4381803	11937	 208951131	0.06	1.02	(1.00 - 1.04)	1.10	(1.08 - 1.12)	1.10	(1.08 - 1.12)	1.18	(1.16 - 1.21)	1.19	(1.16 - 1.21)
onsdeath
British	9845315	31098	 469486043	0.07	1.00		1.00		1.00		1.00		1.00
Irish	81185	321	   3870737	0.08	1.39	(1.25 - 1.56)	1.12	(1.01 - 1.25)	1.07	(0.96 - 1.19)	1.00	(0.90 - 1.12)	1.00	(0.90 - 1.12)
Other White	1396583	1684	  66622048	0.03	0.42	(0.40 - 0.44)	0.91	(0.87 - 0.96)	0.88	(0.84 - 0.93)	0.92	(0.88 - 0.97)	0.92	(0.87 - 0.96)
White + Caribbean	41228	54	   8565915	0.01	0.44	(0.33 - 0.57)	1.14	(0.87 - 1.49)	1.01	(0.78 - 1.32)	1.03	(0.79 - 1.34)	1.03	(0.79 - 1.34)
White + African	34991	27	   8565915	0.00	0.26	(0.18 - 0.39)	1.06	(0.73 - 1.55)	0.96	(0.66 - 1.41)	1.17	(0.80 - 1.71)	1.14	(0.78 - 1.66)
White + Asian	36257	28	   8565915	0.00	0.26	(0.18 - 0.38)	1.02	(0.71 - 1.48)	1.00	(0.69 - 1.44)	1.05	(0.73 - 1.53)	1.04	(0.72 - 1.51)
Other mixed	67081	51	   8565915	0.01	0.27	(0.21 - 0.36)	1.03	(0.79 - 1.36)	0.98	(0.74 - 1.29)	1.07	(0.81 - 1.41)	1.06	(0.80 - 1.39)
Indian	447812	693	  21361291	0.03	0.54	(0.50 - 0.58)	1.03	(0.96 - 1.12)	0.96	(0.89 - 1.04)	1.15	(1.06 - 1.24)	1.10	(1.02 - 1.19)
Pakistani	309214	554	  14749106	0.04	0.57	(0.52 - 0.62)	1.50	(1.38 - 1.63)	1.25	(1.15 - 1.36)	1.32	(1.21 - 1.44)	1.18	(1.08 - 1.29)
Bangladeshi	73154	92	   3489697	0.03	0.42	(0.34 - 0.52)	1.50	(1.22 - 1.84)	1.25	(1.02 - 1.53)	1.22	(0.99 - 1.49)	1.09	(0.89 - 1.34)
Other Asian	231156	166	  11028048	0.02	0.26	(0.22 - 0.30)	0.74	(0.63 - 0.86)	0.69	(0.59 - 0.80)	0.82	(0.70 - 0.96)	0.79	(0.67 - 0.92)
Caribbean	84219	229	   4016488	0.06	0.94	(0.82 - 1.07)	0.92	(0.81 - 1.05)	0.80	(0.70 - 0.91)	0.81	(0.71 - 0.92)	0.81	(0.71 - 0.93)
African	199012	122	   9494585	0.01	0.21	(0.18 - 0.26)	0.88	(0.73 - 1.05)	0.76	(0.63 - 0.91)	0.92	(0.77 - 1.10)	0.89	(0.74 - 1.06)
Other Black	72394	73	   3453524	0.02	0.35	(0.28 - 0.44)	1.06	(0.84 - 1.34)	0.94	(0.74 - 1.18)	0.98	(0.78 - 1.24)	0.96	(0.77 - 1.21)
Chinese	105658	52	   5040894	0.01	0.17	(0.13 - 0.23)	0.61	(0.47 - 0.80)	0.60	(0.46 - 0.79)	0.74	(0.57 - 0.98)	0.74	(0.56 - 0.97)
Other	229304	162	  10939661	0.01	0.25	(0.21 - 0.29)	0.75	(0.64 - 0.88)	0.70	(0.60 - 0.82)	0.76	(0.65 - 0.89)	0.75	(0.64 - 0.87)
Unknown	4381803	13761	 208951131	0.07	1.01	(0.99 - 1.03)	1.09	(1.07 - 1.12)	1.09	(1.07 - 1.12)	1.18	(1.15 - 1.20)	1.18	(1.16 - 1.21)
