Table 1: Demographic and Clinical Characteristics
	Total	British	Irish	Other White	White + Caribbean	White + African	White + Asian	Other mixed	Indian	Pakistani	Bangladeshi	Other Asian	Caribbean	African	Other Black	Chinese	Other	Unknown

1	 1.76e+07 (100.0)	  9845315 (100.0)	   81,185 (100.0)	  1396583 (100.0)	   41,228 (100.0)	   34,991 (100.0)	   36,257 (100.0)	   67,081 (100.0)	  447,812 (100.0)	  309,214 (100.0)	   73,154 (100.0)	  231,156 (100.0)	   84,219 (100.0)	  199,012 (100.0)	   72,394 (100.0)	  105,658 (100.0)	  229,304 (100.0)	  4381803 (100.0)	

Age (years)
Mean (SD)	49.6 (18.6)	52.6 (18.2)	53.9 (18.5)	43.0 (15.6)	40.7 (16.2)	41.0 (14.2)	39.4 (14.8)	39.5 (14.4)	45.0 (15.9)	41.4 (15.2)	39.9 (14.0)	42.5 (14.8)	50.8 (17.8)	41.4 (13.8)	42.6 (15.0)	38.4 (15.3)	41.6 (14.7)	48.1 (20.0)	
Median (IQR)	49.0 (34.0-64.0)	53.0 (38.0-67.0)	54.0 (38.0-70.0)	40.0 (31.0-52.0)	37.0 (28.0-52.0)	40.0 (30.0-50.0)	37.0 (28.0-49.0)	37.0 (29.0-48.0)	42.0 (33.0-55.0)	39.0 (30.0-50.0)	39.0 (30.0-47.0)	41.0 (32.0-51.0)	52.0 (37.0-62.0)	41.0 (31.0-50.0)	42.0 (31.0-53.0)	34.0 (26.0-48.0)	40.0 (31.0-50.0)	48.0 (30.0-63.0)	

Male
0	  8814726 (50.0)	  5123886 (52.0)	   40,898 (50.4)	  709,937 (50.8)	   22,265 (54.0)	   17,343 (49.6)	   18,576 (51.2)	   34,128 (50.9)	  211,117 (47.1)	  149,203 (48.3)	   34,472 (47.1)	  114,581 (49.6)	   44,111 (52.4)	   96,965 (48.7)	   36,171 (50.0)	   54,713 (51.8)	  109,616 (47.8)	  1996744 (45.6)	
1	  8821640 (50.0)	  4721429 (48.0)	   40,287 (49.6)	  686,646 (49.2)	   18,963 (46.0)	   17,648 (50.4)	   17,681 (48.8)	   32,953 (49.1)	  236,695 (52.9)	  160,011 (51.7)	   38,682 (52.9)	  116,575 (50.4)	   40,108 (47.6)	  102,047 (51.3)	   36,223 (50.0)	   50,945 (48.2)	  119,688 (52.2)	  2385059 (54.4)	

Index of Multiple Deprivation (IMD)
1	  3597451 (20.4)	  2239058 (22.7)	   15,430 (19.0)	  178,655 (12.8)	    4,417 (10.7)	    3,829 (10.9)	    6,411 (17.7)	    9,269 (13.8)	   52,811 (11.8)	   12,758 (4.1)	    3,363 (4.6)	   24,843 (10.7)	    5,364 (6.4)	   13,326 (6.7)	    5,488 (7.6)	   20,116 (19.0)	   25,089 (10.9)	  977,224 (22.3)	
2	  3537951 (20.1)	  2120983 (21.5)	   17,394 (21.4)	  249,925 (17.9)	    5,530 (13.4)	    4,972 (14.2)	    6,978 (19.2)	   11,532 (17.2)	   61,981 (13.8)	   19,991 (6.5)	    5,370 (7.3)	   34,360 (14.9)	    8,757 (10.4)	   20,134 (10.1)	    7,857 (10.9)	   23,145 (21.9)	   34,764 (15.2)	  904,278 (20.6)	
3	  3600711 (20.4)	  2036740 (20.7)	   17,802 (21.9)	  289,030 (20.7)	    7,655 (18.6)	    6,419 (18.3)	    7,293 (20.1)	   13,534 (20.2)	  100,731 (22.5)	   38,648 (12.5)	   10,947 (15.0)	   51,000 (22.1)	   14,972 (17.8)	   32,231 (16.2)	   11,857 (16.4)	   22,759 (21.5)	   42,893 (18.7)	  896,200 (20.5)	
4	  3530258 (20.0)	  1811904 (18.4)	   16,876 (20.8)	  347,880 (24.9)	   10,009 (24.3)	    8,527 (24.4)	    7,647 (21.1)	   16,126 (24.0)	  146,303 (32.7)	   75,389 (24.4)	   19,375 (26.5)	   63,945 (27.7)	   22,361 (26.6)	   52,901 (26.6)	   19,575 (27.0)	   23,651 (22.4)	   58,455 (25.5)	  829,334 (18.9)	
5	  3369995 (19.1)	  1636630 (16.6)	   13,683 (16.9)	  331,093 (23.7)	   13,617 (33.0)	   11,244 (32.1)	    7,928 (21.9)	   16,620 (24.8)	   85,986 (19.2)	  162,428 (52.5)	   34,099 (46.6)	   57,008 (24.7)	   32,765 (38.9)	   80,420 (40.4)	   27,617 (38.1)	   15,987 (15.1)	   68,103 (29.7)	  774,767 (17.7)	

# people in household
Mean (SD)	4.2 (43.0)	3.0 (24.4)	4.5 (42.2)	10.1 (105.2)	4.1 (30.7)	6.2 (48.5)	12.6 (91.4)	6.9 (56.9)	6.1 (42.4)	5.0 (21.9)	5.1 (24.9)	8.3 (63.6)	3.1 (19.0)	5.3 (36.0)	4.1 (22.0)	33.4 (161.9)	7.0 (57.5)	3.5 (32.4)	
Median (IQR)	2.0 (1.0-4.0)	2.0 (1.0-3.0)	2.0 (1.0-3.0)	3.0 (1.0-4.0)	3.0 (1.0-4.0)	3.0 (1.0-5.0)	3.0 (1.0-4.0)	3.0 (1.0-4.0)	4.0 (2.0-5.0)	4.0 (2.0-6.0)	4.0 (2.0-6.0)	3.0 (2.0-5.0)	2.0 (1.0-4.0)	3.0 (2.0-5.0)	3.0 (1.0-5.0)	2.0 (1.0-4.0)	3.0 (1.0-5.0)	2.0 (1.0-4.0)	

Number of people in household
1	  7659319 (43.4)	  4845317 (49.2)	   42,759 (52.7)	  512,191 (36.7)	   16,840 (40.8)	   11,278 (32.2)	   12,664 (34.9)	   25,265 (37.7)	  101,112 (22.6)	   43,729 (14.1)	    9,938 (13.6)	   63,438 (27.4)	   39,085 (46.4)	   58,703 (29.5)	   25,225 (34.8)	   46,616 (44.1)	   77,108 (33.6)	  1728051 (39.4)	
2	  6357375 (36.0)	  3371122 (34.2)	   24,875 (30.6)	  545,875 (39.1)	   17,260 (41.9)	   14,776 (42.2)	   15,120 (41.7)	   26,684 (39.8)	  203,340 (45.4)	  116,710 (37.7)	   30,626 (41.9)	   97,154 (42.0)	   31,262 (37.1)	   83,316 (41.9)	   28,013 (38.7)	   33,924 (32.1)	   90,330 (39.4)	  1626988 (37.1)	
3	  1031487 (5.8)	  304,737 (3.1)	    3,902 (4.8)	  156,058 (11.2)	    3,017 (7.3)	    4,877 (13.9)	    3,761 (10.4)	    7,541 (11.2)	   76,294 (17.0)	   92,716 (30.0)	   21,154 (28.9)	   39,766 (17.2)	    5,686 (6.8)	   36,491 (18.3)	   11,226 (15.5)	    8,597 (8.1)	   33,326 (14.5)	  222,338 (5.1)	
4	  171,091 (1.0)	   35,257 (0.4)	    1,021 (1.3)	   37,908 (2.7)	      369 (0.9)	      670 (1.9)	      987 (2.7)	    1,532 (2.3)	   20,233 (4.5)	   11,834 (3.8)	    2,160 (3.0)	    8,613 (3.7)	      552 (0.7)	    4,680 (2.4)	    1,432 (2.0)	    7,471 (7.1)	    7,026 (3.1)	   29,346 (0.7)	
.	        0 (0.0)	        0 (0.0)	        0 (0.0)	        0 (0.0)	        0 (0.0)	        0 (0.0)	        0 (0.0)	        0 (0.0)	        0 (0.0)	        0 (0.0)	        0 (0.0)	        0 (0.0)	        0 (0.0)	        0 (0.0)	        0 (0.0)	        0 (0.0)	        0 (0.0)	        0 (0.0)	
.	        0 (0.0)	        0 (0.0)	        0 (0.0)	        0 (0.0)	        0 (0.0)	        0 (0.0)	        0 (0.0)	        0 (0.0)	        0 (0.0)	        0 (0.0)	        0 (0.0)	        0 (0.0)	        0 (0.0)	        0 (0.0)	        0 (0.0)	        0 (0.0)	        0 (0.0)	        0 (0.0)	
.	        0 (0.0)	        0 (0.0)	        0 (0.0)	        0 (0.0)	        0 (0.0)	        0 (0.0)	        0 (0.0)	        0 (0.0)	        0 (0.0)	        0 (0.0)	        0 (0.0)	        0 (0.0)	        0 (0.0)	        0 (0.0)	        0 (0.0)	        0 (0.0)	        0 (0.0)	        0 (0.0)	
.	        0 (0.0)	        0 (0.0)	        0 (0.0)	        0 (0.0)	        0 (0.0)	        0 (0.0)	        0 (0.0)	        0 (0.0)	        0 (0.0)	        0 (0.0)	        0 (0.0)	        0 (0.0)	        0 (0.0)	        0 (0.0)	        0 (0.0)	        0 (0.0)	        0 (0.0)	        0 (0.0)	
9	  2417094 (13.7)	  1288882 (13.1)	    8,628 (10.6)	  144,551 (10.4)	    3,742 (9.1)	    3,390 (9.7)	    3,725 (10.3)	    6,059 (9.0)	   46,833 (10.5)	   44,225 (14.3)	    9,276 (12.7)	   22,185 (9.6)	    7,634 (9.1)	   15,822 (8.0)	    6,498 (9.0)	    9,050 (8.6)	   21,514 (9.4)	  775,080 (17.7)	
.	        0 (0.0)	        0 (0.0)	        0 (0.0)	        0 (0.0)	        0 (0.0)	        0 (0.0)	        0 (0.0)	        0 (0.0)	        0 (0.0)	        0 (0.0)	        0 (0.0)	        0 (0.0)	        0 (0.0)	        0 (0.0)	        0 (0.0)	        0 (0.0)	        0 (0.0)	        0 (0.0)	

Number of GP consultations in the 12 months prior to baseline
Mean (SD)	5.4 (8.3)	6.2 (8.9)	6.1 (9.7)	3.6 (7.0)	6.0 (9.4)	4.7 (8.1)	4.6 (7.8)	4.4 (8.4)	5.2 (8.0)	6.3 (9.1)	5.8 (8.2)	4.7 (7.7)	6.1 (8.7)	4.6 (7.6)	5.1 (8.6)	1.9 (4.5)	4.2 (7.8)	4.2 (6.7)	
Median (IQR)	3.0 (0.0-7.0)	4.0 (1.0-8.0)	3.0 (0.0-8.0)	1.0 (0.0-5.0)	3.0 (0.0-8.0)	2.0 (0.0-6.0)	2.0 (0.0-6.0)	1.0 (0.0-6.0)	2.0 (0.0-7.0)	3.0 (0.0-8.0)	3.0 (0.0-8.0)	2.0 (0.0-6.0)	3.0 (0.0-8.0)	2.0 (0.0-6.0)	2.0 (0.0-7.0)	0.0 (0.0-2.0)	1.0 (0.0-6.0)	2.0 (0.0-6.0)	

Smoking status (missing set to non)
1	  8871939 (50.3)	  4416260 (44.9)	   33,814 (41.7)	  653,241 (46.8)	   19,474 (47.2)	   23,436 (67.0)	   22,103 (61.0)	   36,949 (55.1)	  349,228 (78.0)	  217,205 (70.2)	   48,719 (66.6)	  164,586 (71.2)	   44,700 (53.1)	  152,383 (76.6)	   46,794 (64.6)	   83,254 (78.8)	  133,924 (58.4)	  2425869 (55.4)	
2	  5786490 (32.8)	  3781447 (38.4)	   32,538 (40.1)	  396,854 (28.4)	   11,015 (26.7)	    6,721 (19.2)	    8,209 (22.6)	   16,098 (24.0)	   64,494 (14.4)	   48,335 (15.6)	   12,915 (17.7)	   39,507 (17.1)	   22,818 (27.1)	   29,067 (14.6)	   14,209 (19.6)	   12,901 (12.2)	   48,991 (21.4)	  1240371 (28.3)	
3	  2977937 (16.9)	  1647608 (16.7)	   14,833 (18.3)	  346,488 (24.8)	   10,739 (26.0)	    4,834 (13.8)	    5,945 (16.4)	   14,034 (20.9)	   34,090 (7.6)	   43,674 (14.1)	   11,520 (15.7)	   27,063 (11.7)	   16,701 (19.8)	   17,562 (8.8)	   11,391 (15.7)	    9,503 (9.0)	   46,389 (20.2)	  715,563 (16.3)	

Body Mass Index (BMI, kg/m2)
Mean (SD)	27.4 (5.7)	27.6 (5.7)	27.0 (5.4)	26.2 (5.4)	27.6 (6.0)	27.7 (5.7)	25.7 (5.3)	26.3 (5.5)	26.3 (5.0)	27.5 (5.6)	26.2 (4.8)	25.9 (4.9)	28.5 (5.9)	27.9 (5.6)	27.9 (5.8)	22.9 (3.9)	26.4 (5.2)	27.7 (5.9)	
Median (IQR)	26.6 (23.4-30.5)	26.8 (23.6-30.8)	26.2 (23.2-29.9)	25.3 (22.3-29.1)	26.6 (23.2-31.0)	27.0 (23.7-31.0)	24.8 (21.9-28.4)	25.4 (22.3-29.3)	25.7 (23.0-29.0)	26.9 (23.7-30.7)	25.7 (23.1-28.7)	25.4 (22.5-28.7)	27.7 (24.3-31.7)	27.3 (23.9-31.2)	27.2 (23.8-31.2)	22.3 (20.2-25.0)	25.6 (22.6-29.2)	26.8 (23.4-31.0)	

BMI with SA categories
1	  303,284 (1.7)	  156,003 (1.6)	    1,480 (1.8)	   30,434 (2.2)	      757 (1.8)	      540 (1.5)	    1,100 (3.0)	    1,591 (2.4)	   11,236 (2.5)	    7,652 (2.5)	    1,737 (2.4)	    6,247 (2.7)	    1,001 (1.2)	    3,060 (1.5)	    1,134 (1.6)	    7,192 (6.8)	    4,745 (2.1)	   67,375 (1.5)	
2	  4638278 (26.3)	  2823106 (28.7)	   25,837 (31.8)	  483,436 (34.6)	   11,721 (28.4)	    8,731 (25.0)	   13,418 (37.0)	   22,163 (33.0)	   78,374 (17.5)	   42,721 (13.8)	   12,041 (16.5)	   46,370 (20.1)	   19,855 (23.6)	   46,438 (23.3)	   17,690 (24.4)	   51,567 (48.8)	   71,813 (31.3)	  862,997 (19.7)	
3	  4715817 (26.7)	  2944651 (29.9)	   24,847 (30.6)	  346,873 (24.8)	   10,655 (25.8)	    9,255 (26.4)	    8,697 (24.0)	   15,954 (23.8)	  142,070 (31.7)	   83,605 (27.0)	   23,923 (32.7)	   70,487 (30.5)	   25,254 (30.0)	   54,875 (27.6)	   20,077 (27.7)	   15,697 (14.9)	   58,850 (25.7)	  860,047 (19.6)	
4	  2491162 (14.1)	  1526233 (15.5)	   11,474 (14.1)	  152,855 (10.9)	    5,889 (14.3)	    5,136 (14.7)	    3,455 (9.5)	    7,141 (10.6)	   89,539 (20.0)	   71,357 (23.1)	   14,206 (19.4)	   43,261 (18.7)	   14,825 (17.6)	   30,953 (15.6)	   11,149 (15.4)	    3,030 (2.9)	   25,453 (11.1)	  475,206 (10.8)	
5	  967,006 (5.5)	  599,739 (6.1)	    3,947 (4.9)	   53,918 (3.9)	    2,514 (6.1)	    1,948 (5.6)	    1,143 (3.2)	    2,568 (3.8)	   27,385 (6.1)	   29,154 (9.4)	    4,050 (5.5)	   12,838 (5.6)	    6,131 (7.3)	   11,711 (5.9)	    4,448 (6.1)	      644 (0.6)	    8,119 (3.5)	  196,749 (4.5)	
6	  485,268 (2.8)	  306,667 (3.1)	    1,762 (2.2)	   25,316 (1.8)	    1,439 (3.5)	      981 (2.8)	      530 (1.5)	    1,339 (2.0)	   10,582 (2.4)	   13,067 (4.2)	    1,413 (1.9)	    4,556 (2.0)	    3,331 (4.0)	    5,186 (2.6)	    2,170 (3.0)	      280 (0.3)	    3,402 (1.5)	  103,247 (2.4)	
7	  4035551 (22.9)	  1488916 (15.1)	   11,838 (14.6)	  303,751 (21.7)	    8,253 (20.0)	    8,400 (24.0)	    7,914 (21.8)	   16,325 (24.3)	   88,626 (19.8)	   61,658 (19.9)	   15,784 (21.6)	   47,397 (20.5)	   13,822 (16.4)	   46,789 (23.5)	   15,726 (21.7)	   27,248 (25.8)	   56,922 (24.8)	  1816182 (41.4)	

HbA1c %
Mean (SD)	5.9 (1.0)	5.9 (1.0)	5.8 (0.9)	5.7 (0.9)	5.9 (1.2)	5.9 (1.1)	5.9 (1.1)	5.8 (1.0)	6.1 (1.1)	6.2 (1.3)	6.3 (1.3)	6.0 (1.1)	6.2 (1.3)	6.0 (1.2)	6.0 (1.2)	5.9 (0.9)	5.8 (1.0)	5.9 (1.1)	
Median (IQR)	5.6 (5.4-6.0)	5.6 (5.4-6.0)	5.6 (5.4-6.0)	5.5 (5.3-5.9)	5.6 (5.4-6.1)	5.6 (5.4-6.0)	5.6 (5.4-6.0)	5.5 (5.3-5.9)	5.8 (5.4-6.3)	5.8 (5.4-6.4)	5.9 (5.5-6.5)	5.7 (5.4-6.2)	5.9 (5.5-6.4)	5.7 (5.4-6.1)	5.7 (5.4-6.1)	5.7 (5.4-6.0)	5.6 (5.4-6.0)	5.6 (5.4-6.0)	

HbA1c mmo/mol
Mean (SD)	41.0 (70.6)	40.7 (67.1)	40.1 (10.1)	39.2 (10.4)	43.1 (258.2)	41.0 (13.8)	40.5 (11.8)	40.0 (11.4)	43.5 (113.0)	44.6 (88.7)	47.3 (312.0)	42.4 (12.5)	43.9 (14.3)	41.8 (13.3)	41.6 (13.2)	40.5 (9.4)	40.2 (11.2)	41.2 (71.0)	
Median (IQR)	38.0 (35.0-42.0)	38.0 (35.0-42.0)	38.0 (35.0-42.0)	37.0 (34.0-41.0)	38.0 (35.0-43.0)	38.0 (35.0-42.0)	38.0 (35.0-42.0)	37.0 (34.0-41.0)	40.0 (36.0-45.0)	40.0 (36.0-46.0)	41.0 (37.0-48.0)	39.0 (36.0-44.0)	41.0 (37.0-46.0)	39.0 (35.0-43.0)	39.0 (35.0-43.0)	39.0 (36.0-42.0)	38.0 (35.0-42.0)	38.0 (35.0-43.0)	

HbA1c category
0	  6723724 (38.1)	  4214987 (42.8)	   35,033 (43.2)	  407,192 (29.2)	   13,904 (33.7)	   11,205 (32.0)	   11,343 (31.3)	   20,117 (30.0)	  188,600 (42.1)	  128,465 (41.5)	   26,367 (36.0)	   85,901 (37.2)	   35,672 (42.4)	   67,493 (33.9)	   27,460 (37.9)	   19,651 (18.6)	   76,002 (33.1)	  1354332 (30.9)	
1	  587,869 (3.3)	  339,987 (3.5)	    2,625 (3.2)	   23,894 (1.7)	    1,285 (3.1)	      987 (2.8)	      919 (2.5)	    1,454 (2.2)	   29,286 (6.5)	   19,518 (6.3)	    5,279 (7.2)	   11,231 (4.9)	    5,903 (7.0)	    6,966 (3.5)	    2,617 (3.6)	    1,960 (1.9)	    5,982 (2.6)	  127,976 (2.9)	
2	  157,883 (0.9)	   92,065 (0.9)	      650 (0.8)	    6,383 (0.5)	      313 (0.8)	      236 (0.7)	      241 (0.7)	      391 (0.6)	    7,324 (1.6)	    5,706 (1.8)	    1,497 (2.0)	    2,842 (1.2)	    1,344 (1.6)	    1,561 (0.8)	      615 (0.8)	      388 (0.4)	    1,537 (0.7)	   34,790 (0.8)	
3	  171,259 (1.0)	  100,320 (1.0)	      679 (0.8)	    7,316 (0.5)	      342 (0.8)	      242 (0.7)	      301 (0.8)	      411 (0.6)	    7,494 (1.7)	    6,535 (2.1)	    1,624 (2.2)	    2,879 (1.2)	    1,314 (1.6)	    1,768 (0.9)	      637 (0.9)	      378 (0.4)	    1,645 (0.7)	   37,374 (0.9)	
4	  197,751 (1.1)	  114,579 (1.2)	      714 (0.9)	    8,827 (0.6)	      507 (1.2)	      383 (1.1)	      346 (1.0)	      558 (0.8)	    7,883 (1.8)	    8,706 (2.8)	    1,666 (2.3)	    3,500 (1.5)	    1,975 (2.3)	    2,775 (1.4)	    1,066 (1.5)	      316 (0.3)	    2,019 (0.9)	   41,931 (1.0)	
5	  9797880 (55.6)	  4983377 (50.6)	   41,484 (51.1)	  942,971 (67.5)	   24,877 (60.3)	   21,938 (62.7)	   23,107 (63.7)	   44,150 (65.8)	  207,225 (46.3)	  140,284 (45.4)	   36,721 (50.2)	  124,803 (54.0)	   38,011 (45.1)	  118,449 (59.5)	   39,999 (55.3)	   82,965 (78.5)	  142,119 (62.0)	  2785400 (63.6)	

Systolic BP
Mean (SD)	128.0 (15.6)	128.6 (15.4)	128.7 (15.8)	125.6 (15.5)	125.4 (15.4)	126.0 (15.6)	122.1 (15.0)	123.0 (15.1)	125.3 (15.5)	123.1 (15.2)	121.7 (15.0)	123.3 (15.1)	129.8 (16.1)	126.3 (15.8)	126.2 (15.9)	120.7 (15.6)	123.2 (15.3)	128.8 (15.9)	
Median (IQR)	128.0 (118.0-138.0)	129.0 (120.0-138.0)	129.0 (119.0-139.0)	125.0 (115.0-136.0)	125.0 (115.0-135.0)	126.0 (115.0-136.0)	121.0 (111.0-132.0)	122.0 (112.0-132.0)	125.0 (115.0-135.0)	122.0 (112.0-133.0)	121.0 (110.0-131.0)	123.0 (112.0-133.0)	130.0 (120.0-139.0)	126.0 (116.0-136.0)	126.0 (116.0-136.0)	120.0 (110.0-131.0)	122.0 (112.0-133.0)	129.5 (119.0-139.0)	

Diastolic BP
Mean (SD)	76.9 (9.9)	76.9 (9.8)	76.4 (9.9)	76.8 (10.1)	77.1 (10.3)	77.7 (10.2)	75.8 (9.9)	76.3 (10.1)	77.0 (9.7)	76.4 (9.6)	76.3 (9.8)	76.5 (9.8)	78.6 (10.2)	78.1 (10.4)	78.0 (10.3)	75.0 (10.0)	76.2 (9.9)	76.8 (10.0)	
Median (IQR)	78.0 (70.0-82.0)	78.0 (70.0-82.0)	77.0 (70.0-82.0)	78.0 (70.0-83.0)	78.0 (70.0-83.0)	78.0 (70.0-84.0)	76.0 (70.0-82.0)	77.0 (70.0-82.0)	78.0 (70.0-83.0)	77.0 (70.0-82.0)	77.0 (70.0-82.0)	77.0 (70.0-82.0)	79.0 (72.0-85.0)	78.0 (71.0-84.0)	78.0 (71.0-84.0)	75.0 (69.0-81.0)	77.0 (70.0-82.0)	78.0 (70.0-82.0)	

Blood pressure four levels non-missing
1	  2586362 (14.7)	  1483431 (15.1)	   12,253 (15.1)	  205,525 (14.7)	    7,518 (18.2)	    5,507 (15.7)	    7,326 (20.2)	   12,328 (18.4)	   77,726 (17.4)	   66,213 (21.4)	   17,116 (23.4)	   44,663 (19.3)	   11,755 (14.0)	   31,737 (15.9)	   12,356 (17.1)	   15,314 (14.5)	   41,622 (18.2)	  533,972 (12.2)	
2	  1784064 (10.1)	  1109565 (11.3)	    8,582 (10.6)	  111,807 (8.0)	    4,076 (9.9)	    2,938 (8.4)	    3,140 (8.7)	    5,639 (8.4)	   40,297 (9.0)	   30,788 (10.0)	    6,831 (9.3)	   20,212 (8.7)	    8,489 (10.1)	   17,208 (8.6)	    6,514 (9.0)	    5,231 (5.0)	   18,294 (8.0)	  384,453 (8.8)	
3	  4235186 (24.0)	  2645373 (26.9)	   19,981 (24.6)	  259,167 (18.6)	    9,194 (22.3)	    7,425 (21.2)	    6,819 (18.8)	   12,272 (18.3)	  103,786 (23.2)	   72,047 (23.3)	   17,002 (23.2)	   49,037 (21.2)	   22,766 (27.0)	   42,936 (21.6)	   16,508 (22.8)	   11,814 (11.2)	   42,433 (18.5)	  896,626 (20.5)	
4	  2924195 (16.6)	  1853060 (18.8)	   14,697 (18.1)	  157,858 (11.3)	    5,463 (13.3)	    4,408 (12.6)	    3,103 (8.6)	    6,143 (9.2)	   56,632 (12.6)	   33,743 (10.9)	    7,376 (10.1)	   23,315 (10.1)	   17,353 (20.6)	   26,746 (13.4)	   10,440 (14.4)	    5,488 (5.2)	   21,241 (9.3)	  677,129 (15.5)	
5	  6106559 (34.6)	  2753886 (28.0)	   25,672 (31.6)	  662,226 (47.4)	   14,977 (36.3)	   14,713 (42.0)	   15,869 (43.8)	   30,699 (45.8)	  169,371 (37.8)	  106,423 (34.4)	   24,829 (33.9)	   93,929 (40.6)	   23,856 (28.3)	   80,385 (40.4)	   26,576 (36.7)	   67,811 (64.2)	  105,714 (46.1)	  1889623 (43.1)	

Diabetes Type
0	 1.59e+07 (90.0)	  8843906 (89.8)	   72,031 (88.7)	  1314829 (94.1)	   36,989 (89.7)	   31,819 (90.9)	   33,272 (91.8)	   61,948 (92.3)	  359,698 (80.3)	  250,275 (80.9)	   57,764 (79.0)	  194,746 (84.2)	   65,384 (77.6)	  175,194 (88.0)	   63,560 (87.8)	  100,083 (94.7)	  207,597 (90.5)	  4012069 (91.6)	
1	   92,118 (0.5)	   59,001 (0.6)	      376 (0.5)	    4,864 (0.3)	      219 (0.5)	      130 (0.4)	      127 (0.4)	      225 (0.3)	    1,236 (0.3)	      919 (0.3)	      141 (0.2)	      460 (0.2)	      440 (0.5)	      741 (0.4)	      290 (0.4)	       93 (0.1)	      594 (0.3)	   22,262 (0.5)	
2	  1253625 (7.1)	  726,984 (7.4)	    5,468 (6.7)	   51,850 (3.7)	    2,784 (6.8)	    2,076 (5.9)	    2,062 (5.7)	    3,151 (4.7)	   60,258 (13.5)	   44,408 (14.4)	   11,469 (15.7)	   23,412 (10.1)	   12,539 (14.9)	   14,853 (7.5)	    5,544 (7.7)	    3,599 (3.4)	   12,944 (5.6)	  270,224 (6.2)	
3	  409,459 (2.3)	  215,424 (2.2)	    3,310 (4.1)	   25,040 (1.8)	    1,236 (3.0)	      966 (2.8)	      796 (2.2)	    1,757 (2.6)	   26,620 (5.9)	   13,612 (4.4)	    3,780 (5.2)	   12,538 (5.4)	    5,856 (7.0)	    8,224 (4.1)	    3,000 (4.1)	    1,883 (1.8)	    8,169 (3.6)	   77,248 (1.8)	

Count of co-morbid conditions
Mean (SD)	0.6 (0.9)	0.7 (0.9)	0.7 (1.0)	0.3 (0.7)	0.5 (0.8)	0.4 (0.7)	0.4 (0.7)	0.3 (0.7)	0.5 (0.8)	0.5 (0.8)	0.4 (0.7)	0.4 (0.7)	0.7 (0.9)	0.4 (0.7)	0.4 (0.7)	0.2 (0.5)	0.3 (0.6)	0.6 (0.9)	
Median (IQR)	0.0 (0.0-1.0)	0.0 (0.0-1.0)	0.0 (0.0-1.0)	0.0 (0.0-0.0)	0.0 (0.0-1.0)	0.0 (0.0-1.0)	0.0 (0.0-1.0)	0.0 (0.0-1.0)	0.0 (0.0-1.0)	0.0 (0.0-1.0)	0.0 (0.0-1.0)	0.0 (0.0-1.0)	0.0 (0.0-1.0)	0.0 (0.0-1.0)	0.0 (0.0-1.0)	0.0 (0.0-0.0)	0.0 (0.0-0.0)	0.0 (0.0-1.0)	

Diagnosed hypertension	  3712317 (21.0)	  2343797 (23.8)	   20,201 (24.9)	  170,327 (12.2)	    6,380 (15.5)	    5,036 (14.4)	    3,478 (9.6)	    6,578 (9.8)	   86,208 (19.3)	   45,949 (14.9)	   10,602 (14.5)	   34,056 (14.7)	   26,375 (31.3)	   32,908 (16.5)	   12,388 (17.1)	    7,525 (7.1)	   25,518 (11.1)	  874,991 (20.0)	


Chronic Cardiac Diseases	  1189115 (6.7)	  774,495 (7.9)	    7,052 (8.7)	   48,822 (3.5)	    1,366 (3.3)	      775 (2.2)	    1,052 (2.9)	    1,742 (2.6)	   24,792 (5.5)	   17,467 (5.6)	    3,380 (4.6)	    8,435 (3.6)	    5,130 (6.1)	    4,222 (2.1)	    1,981 (2.7)	    1,494 (1.4)	    6,938 (3.0)	  279,972 (6.4)	


Stroke	  367,178 (2.1)	  240,654 (2.4)	    2,317 (2.9)	   14,361 (1.0)	      514 (1.2)	      269 (0.8)	      269 (0.7)	      482 (0.7)	    5,806 (1.3)	    3,894 (1.3)	      793 (1.1)	    2,012 (0.9)	    2,072 (2.5)	    1,589 (0.8)	      762 (1.1)	      496 (0.5)	    1,760 (0.8)	   89,128 (2.0)	


CKD defined by egfr<60	  977,781 (5.5)	  638,402 (6.5)	    5,417 (6.7)	   32,536 (2.3)	    1,615 (3.9)	      808 (2.3)	      538 (1.5)	      947 (1.4)	   13,758 (3.1)	    8,747 (2.8)	    1,656 (2.3)	    4,149 (1.8)	    8,423 (10.0)	    4,624 (2.3)	    2,491 (3.4)	    1,030 (1.0)	    3,898 (1.7)	  248,742 (5.7)	


end stage renal failure	   25,148 (0.1)	   13,953 (0.1)	      112 (0.1)	    1,035 (0.1)	       72 (0.2)	       41 (0.1)	       41 (0.1)	       67 (0.1)	    1,070 (0.2)	      795 (0.3)	      134 (0.2)	      403 (0.2)	      312 (0.4)	      388 (0.2)	      176 (0.2)	       87 (0.1)	      278 (0.1)	    6,184 (0.1)	


Cancer	  980,323 (5.6)	  662,040 (6.7)	    5,852 (7.2)	   42,743 (3.1)	    1,095 (2.7)	      694 (2.0)	      705 (1.9)	    1,378 (2.1)	    9,579 (2.1)	    5,413 (1.8)	      932 (1.3)	    4,283 (1.9)	    4,470 (5.3)	    3,313 (1.7)	    1,676 (2.3)	    1,852 (1.8)	    5,086 (2.2)	  229,212 (5.2)	


Autoimmune disease	  897,996 (5.1)	  588,585 (6.0)	    5,239 (6.5)	   43,228 (3.1)	    1,295 (3.1)	      666 (1.9)	    1,233 (3.4)	    1,972 (2.9)	   16,923 (3.8)	   11,763 (3.8)	    2,790 (3.8)	    6,668 (2.9)	    2,748 (3.3)	    2,682 (1.3)	    1,683 (2.3)	    1,817 (1.7)	    5,964 (2.6)	  202,740 (4.6)	


Immunosuppressed (perm or temp)	   93,380 (0.5)	   49,442 (0.5)	      557 (0.7)	    6,056 (0.4)	      416 (1.0)	    1,069 (3.1)	      171 (0.5)	      519 (0.8)	    1,974 (0.4)	    1,299 (0.4)	      218 (0.3)	    1,085 (0.5)	    1,302 (1.5)	    7,372 (3.7)	    1,520 (2.1)	      249 (0.2)	    1,237 (0.5)	   18,894 (0.4)	


Chronic liver disease	  106,497 (0.6)	   64,706 (0.7)	      759 (0.9)	    7,329 (0.5)	      162 (0.4)	      294 (0.8)	      199 (0.5)	      299 (0.4)	    2,123 (0.5)	    2,065 (0.7)	      351 (0.5)	    1,299 (0.6)	      411 (0.5)	    2,209 (1.1)	      577 (0.8)	    1,237 (1.2)	    1,313 (0.6)	   21,164 (0.5)	


Dementia	   31,208 (0.2)	   19,980 (0.2)	      295 (0.4)	    1,159 (0.1)	       56 (0.1)	       13 (0.0)	       14 (0.0)	       18 (0.0)	      528 (0.1)	      371 (0.1)	      102 (0.1)	      160 (0.1)	      333 (0.4)	      112 (0.1)	       60 (0.1)	       40 (0.0)	      144 (0.1)	    7,823 (0.2)	


Neurological disease	  168,580 (1.0)	  111,006 (1.1)	      841 (1.0)	    7,113 (0.5)	      287 (0.7)	      121 (0.3)	      174 (0.5)	      325 (0.5)	    2,469 (0.6)	    2,113 (0.7)	      290 (0.4)	      929 (0.4)	      800 (0.9)	      750 (0.4)	      443 (0.6)	      215 (0.2)	      994 (0.4)	   39,710 (0.9)	


Asthma category	  2716494 (15.4)	  1747739 (17.8)	   11,330 (14.0)	  105,802 (7.6)	    8,912 (21.6)	    3,768 (10.8)	    5,370 (14.8)	    9,138 (13.6)	   50,488 (11.3)	   45,839 (14.8)	    9,709 (13.3)	   23,247 (10.1)	   14,558 (17.3)	   15,060 (7.6)	    9,283 (12.8)	    5,071 (4.8)	   18,327 (8.0)	  632,853 (14.4)	


Chronic Respiratory Diseases	  715,390 (4.1)	  506,253 (5.1)	    5,473 (6.7)	   28,543 (2.0)	      679 (1.6)	      356 (1.0)	      478 (1.3)	      936 (1.4)	    7,176 (1.6)	    6,493 (2.1)	    1,097 (1.5)	    2,986 (1.3)	    2,360 (2.8)	    1,769 (0.9)	    1,058 (1.5)	      677 (0.6)	    3,198 (1.4)	  145,858 (3.3)	


BP med in last 12 months	   28,752 (0.2)	   15,932 (0.2)	      171 (0.2)	    2,017 (0.1)	       93 (0.2)	       48 (0.1)	       44 (0.1)	       88 (0.1)	    1,150 (0.3)	      527 (0.2)	       90 (0.1)	      374 (0.2)	      473 (0.6)	      409 (0.2)	      167 (0.2)	       65 (0.1)	      361 (0.2)	    6,743 (0.2)	

Statin in last 12 months	  2937973 (16.7)	  1899776 (19.3)	   17,298 (21.3)	  120,108 (8.6)	    3,426 (8.3)	    2,378 (6.8)	    2,908 (8.0)	    4,582 (6.8)	   78,937 (17.6)	   52,074 (16.8)	   13,314 (18.2)	   30,925 (13.4)	   14,769 (17.5)	   14,521 (7.3)	    6,092 (8.4)	    5,055 (4.8)	   20,028 (8.7)	  651,782 (14.9)	

Insulin in last 12 months	  260,784 (1.5)	  160,097 (1.6)	      999 (1.2)	   11,268 (0.8)	      604 (1.5)	      400 (1.1)	      341 (0.9)	      614 (0.9)	    7,877 (1.8)	    7,070 (2.3)	    1,687 (2.3)	    2,868 (1.2)	    2,384 (2.8)	    2,535 (1.3)	    1,018 (1.4)	      402 (0.4)	    2,009 (0.9)	   58,611 (1.3)	

